#########################################################################
model{
	C <- 100000
	# Truco de los ceros
	for (i in 1:N){
		zY[i] <- 0
		zY[i] ~ dpois(phi[i])
		fY[i] <- (alphaY / sY) * pow(y[i]/sY , -alphaY - 1) * exp(-pow(y[i]/sY , -alphaY))
		phi[i] <- -log(fY[i]) + C
	}
	# Aprioris SO2
	alphaY ~  dunif(0,10)
	sY ~ dunif(0,150)
}

data
list(y=c(486, 493, 302, 329, 322, 180, 254, 365, 251, 284, 327, 351, 248, 294, 381, 309, 321, 283, 235, 254, 303, 273, 431, 296, 295, 233, 224, 212, 232, 202, 352, 145, 235, 218, 210, 302, 238, 131, 91, 139, 138, 207, 127, 172, 246, 233, 199, 301, 324, 203, 261, 233, 123, 143, 127, 103, 94, 178, 142, 143, 188, 181, 216, 179, 77, 195, 120, 112, 142, 257, 124, 126, 368, 189, 237, 139, 168, 153, 140, 193, 297, 139, 350, 313, 204, 198, 125, 136, 157, 101, 151, 197, 127, 171, 177, 178, 127, 103, 311, 308, 167, 127, 87, 164, 48, 106, 257, 234, 161, 201, 175, 89, 99, 137, 222, 171, 73, 210, 241, 193, 259, 142, 110, 166, 120, 180, 151, 84, 141, 166, 223, 422, 424, 257, 158, 177, 264, 233, 117, 123, 55, 159, 133, 305, 189, 272, 375, 179, 175, 110, 169, 207, 119, 134, 186, 323, 269, 161, 126, 277, 141, 325, 63, 98, 59, 96, 196, 183, 412, 308, 227, 194, 222, 154, 114, 157, 137, 238, 210, 384, 325, 250, 216, 419, 141, 222, 450, 365, 199, 142, 393, 275, 138, 274, 223, 246, 100, 193, 143, 168, 139, 139, 183, 213, 283, 228, 190, 229, 137, 146, 147, 131, 115, 225, 252, 140, 207, 236, 197, 293, 134, 107, 138, 114, 97, 146, 119, 102, 224, 340, 137, 83, 111, 168, 106, 152, 118, 76, 217, 87, 310, 136, 258, 99, 136, 132, 49, 86, 62, 129, 178, 160, 219, 271, 136, 276, 314, 132, 113, 92, 129, 195, 187, 299, 216, 120, 376, 124, 177, 80, 97, 79, 115, 150, 186, 233, 266, 152, 250, 240, 195, 217, 84, 33, 72, 135, 239, 334, 254, 115, 107, 266, 150, 105, 88, 119, 69, 163, 187, 183, 152, 114, 80, 123, 67, 105, 47, 73, 105, 61, 147, 175, 117, 269, 112, 149, 94, 120, 181, 83, 67, 147, 162, 145, 350, 136, 92, 64, 124, 111, 206, 142, 125, 109, 90, 153, 141, 95, 172, 137, 127, 97, 110, 125, 96, 58, 104, 188, 219, 68, 141, 208, 109, 81, 98, 126, 69, 99, 143, 186, 170, 165, 105, 147, 44, 102, 48, 79, 41, 109, 66, 111, 63, 206, 137, 46, 58, 58, 50, 44, 61, 59, 117, 77), N=384)

inits
list(alphaY=2.58, sY=54.64)
list(alphaY=1.16, sY=60.16)
list(alphaY=3.16, sY=49.13)
list(alphaY=2.67, sY=40.94)
list(alphaY=1.94, sY=53.24)