#########################################################################
model{
	C <- 100000
	# Truco de los ceros
	for (i in 1:N){
		zY[i] <- 0
		zY[i] ~ dpois(phi[i])
		fY[i] <- (alphaY / sY) * pow(y[i]/sY , -alphaY - 1) * exp(-pow(y[i]/sY , -alphaY))
		phi[i] <- -log(fY[i]) + C
	}
	# Aprioris SO2
	alphaY ~  dunif(0,10)
	sY ~ dunif(0,200)
}

data
list(y=c(237, 223, 242, 185, 216, 219, 285, 446, 442, 342, 435, 248, 164, 151, 200, 113, 163, 152, 189, 139, 121, 123, 139, 181, 328, 248, 209, 251, 117, 121, 181, 153, 103, 225, 365, 190, 196, 122, 90, 107, 96, 99, 68, 138, 115, 176, 156, 181, 221, 190, 164, 267, 239, 163, 176, 116, 197, 157, 181, 158, 204, 196, 240, 212, 110, 181, 73, 103, 145, 147, 179, 127, 252, 212, 224, 230, 191, 192, 152, 139, 151, 207, 245, 219, 200, 206, 250, 156, 131, 147, 186, 204, 202, 167, 150, 257, 212, 118, 331, 342, 249, 172, 163, 176, 102, 216, 146, 228, 288, 239, 132, 202, 137, 137, 220, 158, 85, 221, 238, 197, 300, 226, 155, 279, 206, 145, 250, 89, 109, 220, 195, 411, 498, 418, 361, 351, 340, 214, 227, 373, 77, 157, 186, 481, 168, 386, 377, 231, 228, 153, 126, 125, 134, 148, 256, 335, 282, 344, 237, 271, 205, 235, 132, 206, 156, 126, 198, 283, 405, 261, 244, 276, 366, 116, 135, 91, 209, 201, 219, 234, 257, 365, 202, 303, 155, 223, 301, 216, 227, 160, 379, 296, 253, 369, 226, 179, 125, 154, 112, 212, 158, 201, 224, 187, 278, 251, 211, 203, 174, 206, 122, 159, 156, 221, 176, 266, 251, 357, 198, 218, 105, 98, 198, 185, 140, 167, 142, 260, 207, 206, 130, 127, 123, 125, 175, 139, 103, 124, 179, 100, 260, 216, 344, 103, 180, 175, 97, 83, 61, 126, 248, 283, 224, 154, 108, 68, 233, 168, 88, 125, 134, 176, 261, 299, 243, 174, 196, 154, 181, 88, 180, 87, 126, 127, 171, 198, 261, 223, 274, 320, 266, 116, 100, 105, 76, 117, 348, 304, 220, 170, 132, 171, 214, 152, 120, 116, 247, 217, 148, 135, 113, 172, 73, 146, 65, 94, 56, 138, 87, 158, 299, 158, 141, 240, 193, 148, 62, 119, 94, 77, 67, 153, 211, 122, 400, 148, 220, 78, 158, 103, 168, 172, 179, 117, 332, 136, 354, 151, 236, 140, 182, 128, 156, 232, 154, 60, 71, 307, 148, 60, 174, 168, 106, 54, 87, 121, 192, 95, 158, 154, 146, 142, 71, 83, 65, 139, 50, 44, 115, 136, 102, 82, 131, 179, 257, 80, 58, 71, 113, 47, 97, 58, 217, 74), N=384)

inits
list(alphaY=2.58, sY=54.64)
list(alphaY=1.16, sY=60.16)
list(alphaY=3.16, sY=49.13)
list(alphaY=2.67, sY=40.94)
list(alphaY=1.94, sY=53.24)