#########################################################################
model{
	# Truco de los ceros
	for (i in 1:N){
		y[i] ~ dweib(alphaY,bY)
	}
	# Aprioris PM25
	alphaY ~  dunif(0,10)
	bY ~ dunif(0,10)
	# Estimaciones derivadas
	kY <- pow(bY, -1/alphaY)
}

data
list(y=c(83, 95, 104, 140, 260, 162, 138, 138, 129, 109, 140, 81, 79, 75, 100, 131, 145, 194, 117, 136, 148, 126, 126, 73, 95, 90, 108, 128, 166, 218, 92, 111, 294, 114, 95, 65, 103, 112, 777, 95, 131, 120, 114, 108, 111, 94, 128, 81, 65, 74, 99, 141, 169, 160, 117, 109, 95, 111, 82, 91, 108, 82, 90, 119, 210, 148, 102, 79, 111, 178, 84, 56, 53, 61, 74, 72, 121, 154, 80, 87, 87, 86, 84, 103, 65, 61, 85, 88, 190, 141, 90, 112, 98, 86, 86, 84, 76, 72, 84, 90, 377, 151, 119, 75, 85, 183, 86, 71, 63, 137, 85, 76, 112, 175, 77, 96, 102, 136, 99, 62, 95, 84, 102, 107, 146, 141, 93, 78, 156, 92, 120, 71, 76, 60, 95, 110, 158, 190, 95, 100, 118, 89, 90, 85, 84, 76, 105, 104, 128, 212, 123, 86, 104, 98, 76, 85, 64, 63, 67, 88, 136, 122, 82, 80, 89, 85, 70, 72, 68, 86, 80, 92, 93, 105, 86, 80, 77, 64, 68, 70, 65, 79, 64, 111, 188, 162, 81, 67, 82, 158, 62, 62, 56, 81, 71, 81, 112, 84, 121, 86, 67, 89, 83, 82, 54, 63, 57, 85, 86, 67, 95, 126, 85, 58, 58, 76, 60, 86, 77, 82, 95), N=221)

