#########################################################################
model{
	C <- 100000
	# Truco de los ceros
	for (i in 1:N){
		zeroY[i] <- 0
		zeroZ[i] <- 0
		zeroT[i] <- 0
		
		zeroY[i] ~ dpois(phiY[i])
		zeroZ[i] ~ dpois(phiZ[i])
		zeroT[i] ~ dpois(phiT[i])
		
		# Distribuciones
		u[i] <- exp(-pow(y[i]/sY, -alphaY)) # Acumulada Y
		v[i] <- exp(-pow(z[i]/sZ, -alphaZ)) # Acumulada Z
		
		# Densidades
		fY[i] <- (alphaY / sY) * pow(y[i]/sY , -alphaY - 1) * u[i]
		fZ[i] <- (alphaZ / sZ) * pow(z[i]/sZ , -alphaZ - 1) * v[i]
		
		# Gumbel-Hougaard
		CYZ[i] <- pow(-log(u[i]), theta-1) * pow(-log(v[i]), theta-1) * (1/(u[i]*v[i])) * exp(-pow(pow(-log(u[i]),theta) + pow(-log(v[i]), theta),1/theta)) * (pow(pow(-log(u[i]),theta) + pow(-log(v[i]), theta), 2/theta-2) + (theta-1)*pow(pow(-log(u[i]),theta) + pow(-log(v[i]), theta), 1/theta-2))
		
		phiY[i] <- -log(fY[i]) + C
		phiZ[i] <- -log(fZ[i]) + C
		phiT[i] <- -log(fY[i] * fZ[i] * CYZ[i]) + C
	}

	# Aprioris PM10
	alphaY ~  dunif(0,10) 
	sY ~ dunif(0,350)

	# Aprioris O3
	alphaZ ~  dunif(0,10) 
	sZ ~ dunif(0,200) 
	
	# Apriori de la theta Gumbel-Hougaard
	theta ~ dunif(1,15)
}

data
list(y=c(481, 407, 428, 541, 560, 404, 455, 338, 650, 450, 631, 585, 988, 998, 749, 914, 561, 709, 584, 291, 278, 707, 612, 737, 570, 809, 1038, 480, 383, 959, 733, 894, 363, 486, 965, 774, 708, 816, 822, 879, 991, 941, 817, 524, 394, 930, 702, 594, 982, 564, 609, 701, 399, 455, 459, 242, 226, 360, 798, 336, 334, 592, 809, 257, 998, 437, 288, 211, 221, 341, 395, 543, 536, 602, 804, 662, 449, 354, 171, 308, 225, 361, 359, 369, 659, 472, 450, 407, 602, 436, 220, 263, 265, 330, 324, 894, 866, 936, 485, 431, 539, 469, 345, 310, 302, 342, 486, 735, 578, 319, 646, 508, 358, 528, 274, 399, 230, 323, 533, 661, 683, 521, 452, 523, 354, 377, 304, 199, 270, 277, 320, 561, 774, 506, 1570, 513, 250, 514, 291, 202, 196, 263, 290, 1020, 1304, 430, 448, 340, 282, 421, 219, 196, 219, 246, 264, 281, 1319, 564, 352, 439, 383, 342, 185, 209, 249, 378, 642, 405, 408, 876, 337, 377, 466, 360, 609, 429, 266, 389, 567, 574, 365, 524, 629, 419, 559, 334, 203, 326, 418, 589, 476, 501, 618, 452, 825, 1269, 477, 732, 208, 166, 187, 242, 496, 469, 915, 285, 433, 727, 434, 305, 424, 248, 425, 272, 223, 593, 830, 273, 496, 1023, 512, 211, 327, 190, 164, 210, 264, 378, 311, 699, 330, 358, 223, 159, 187, 136, 162, 187, 223, 247, 610, 335, 292, 426, 351, 397, 186, 152, 151, 180, 247, 742, 511, 807, 307, 278, 291, 208, 535, 172, 163, 189, 287, 703, 611, 329, 292, 425, 302, 243, 209, 185, 249, 218, 286, 694, 353, 271, 303, 294, 265, 195, 195, 124, 140, 248, 327, 414, 653, 327, 626, 299, 241, 178, 155, 162, 132, 138, 219, 359, 426, 289, 336, 615, 468, 261, 307, 140, 116, 247, 355, 333, 404, 382, 982, 564, 726, 271, 187, 83, 174, 131, 375, 401), z=c(276, 183, 211, 218, 251, 201, 162, 179, 181, 199, 198, 223, 288, 172, 179, 174, 190, 208, 168, 146, 161, 136, 181, 179, 165, 192, 189, 196, 210, 197, 134, 180, 192, 202, 178, 194, 209, 223, 249, 201, 206, 187, 154, 177, 201, 285, 157, 212, 215, 206, 208, 210, 200, 171, 169, 112, 99, 147, 154, 201, 192, 207, 222, 185, 201, 169, 151, 132, 131, 164, 187, 158, 189, 149, 194, 175, 171, 189, 144, 126, 124, 181, 157, 161, 175, 177, 181, 177, 163, 149, 117, 132, 128, 159, 165, 203, 121, 159, 155, 210, 146, 122, 114, 130, 127, 123, 155, 157, 129, 152, 163, 162, 186, 119, 136, 107, 123, 153, 153, 154, 156, 122, 145, 178, 156, 126, 106, 131, 120, 109, 139, 137, 125, 124, 157, 126, 177, 129, 105, 110, 99, 109, 145, 122, 127, 149, 153, 177, 136, 138, 117, 93, 109, 113, 124, 139, 152, 130, 126, 184, 142, 102, 89, 118, 110, 92, 128, 155, 155, 152, 166, 143, 144, 115, 109, 111, 118, 146, 146, 115, 130, 141, 155, 157, 162, 150, 114, 100, 96, 129, 146, 115, 97, 111, 159, 131, 150, 114, 118, 111, 158, 118, 151, 143, 119, 121, 163, 143, 142, 128, 107, 102, 111, 140, 165, 142, 126, 137, 132, 180, 162, 130, 100, 142, 113, 124, 125, 126, 130, 160, 142, 160, 138, 123, 115, 113, 122, 125, 114, 130, 121, 140, 158, 138, 160, 131, 120, 118, 128, 134, 116, 127, 141, 162, 163, 144, 172, 133, 120, 118, 107, 113, 104, 110, 136, 143, 124, 149, 171, 134, 118, 109, 132, 123, 131, 115, 115, 134, 124, 141, 151, 130, 115, 119, 117, 111, 146, 143, 112, 149, 147, 158, 142, 121, 111, 114, 108, 112, 107, 127, 118, 113, 126, 127, 127, 100, 96, 107, 114, 135, 127, 115, 101, 146, 131, 146, 133, 114, 115, 127, 120, 113, 128, 133), N=324)

inits
list(alphaY = 2.58, sY = 310.64, alphaZ = 2.48, sZ = 171.20, theta = 2.55)
list(alphaY = 1.16, sY = 335.16, alphaZ = 3.69, sZ = 156.27, theta = 5.01)
list(alphaY = 2.03, sY = 279.13, alphaZ = 4.89, sZ = 166.00, theta = 3.56)
list(alphaY = 2.67, sY = 289.94, alphaZ = 5.54, sZ = 140.22, theta = 1.82)
list(alphaY = 1.94, sY = 323.24, alphaZ = 5.38, sZ = 133.79, theta = 1.23)