#########################################################################
model{
	C <- 100000
	for (i in 1:N){
		y[i] ~ dweib(alphaY, bY)
	}
	# Truco de los ceros
	for (i in 1:N){
		zeroZ[i] <- 0
		zeroT[i] <- 0
		
		zeroZ[i] ~ dpois(phiZ[i])
		zeroT[i] ~ dpois(phiT[i])
		
		# Distribuciones
		u[i] <- 1 - exp(-bY * pow(y[i] , alphaY)) # Acumulada Y
		v[i] <- exp(-pow(z[i]/sZ, -alphaZ)) # Acumulada Z
		
		# Densidades
		fY[i] <- bY * alphaY * pow(y[i] , alphaY - 1) * exp(-bY * pow( y[i] , alphaY)) # Densidad Y
		fZ[i] <- (alphaZ / sZ) * pow(z[i]/sZ , -alphaZ - 1) * v[i] 
		
		# Gumbel-Hougaard
		CYZ[i] <- pow(-log(u[i]), theta-1) * pow(-log(v[i]), theta-1) * (1/(u[i]*v[i])) * exp(-pow(pow(-log(u[i]),theta) + pow(-log(v[i]), theta),1/theta)) * (pow(pow(-log(u[i]),theta) + pow(-log(v[i]), theta), 2/theta-2) + (theta-1)*pow(pow(-log(u[i]),theta) + pow(-log(v[i]), theta), 1/theta-2))
		
		phiZ[i] <- -log(fZ[i]) + C
		phiT[i] <- -log(fY[i] * fZ[i] * CYZ[i]) + C
	}

	# Aprioris CO
	alphaY ~  dunif(0,10)
	bY ~ dunif(0,10)
	kY <- pow(bY, -1/alphaY)

	# Aprioris O3
	alphaZ ~  dunif(0,10)
	sZ ~ dunif(0,200)
	
	# Apriori de la theta Gumbel-Hougaard
	theta ~ dunif(1,15)
}

data
list(y=c(16.40, 15.30, 16.00, 15.60, 12.90, 10.20, 10.60, 12.30, 13.10, 15.50, 20.70, 26.70, 24.90, 25.50, 20.10, 14.30, 7.40, 8.40, 13.90, 12.30, 19.70, 13.90, 7.00, 17.30, 21.10, 15.70, 16.80, 12.60, 10.50, 10.90, 7.20, 8.40, 5.30, 7.70, 10.90, 17.70, 17.00, 18.20, 13.50, 10.90, 12.10, 8.00, 8.60, 5.60, 8.30, 13.60, 10.90, 14.90, 15.80, 11.90, 13.50, 10.80, 9.20, 7.80, 8.70, 15.60, 9.50, 9.50, 8.50, 10.70, 15.80, 15.00, 10.30, 7.10, 7.00, 5.80, 8.30, 7.60, 6.50, 8.30, 10.30, 14.10, 17.90, 10.60, 9.70, 15.30, 9.10, 8.40, 6.60, 7.20, 8.30, 9.90, 8.40, 11.70, 13.00, 8.20, 9.50, 13.30, 10.30, 7.30, 5.40, 5.70, 8.20, 10.60, 10.20, 10.40, 15.30, 14.50, 13.80, 12.20, 10.10, 7.30, 5.50, 7.20, 9.00, 9.80, 7.40, 14.30, 11.20, 12.90, 8.40, 9.40, 10.20, 5.50, 5.80, 5.30, 7.80, 8.20, 7.60, 10.40, 12.70, 12.00, 10.20, 8.00, 6.80, 6.80, 6.30, 6.70, 7.90, 7.30, 9.00, 11.30, 11.90, 11.30, 9.70, 8.40, 5.70, 7.00, 7.70, 5.20, 9.40, 4.90, 8.80, 4.50, 12.80, 11.30, 9.70, 6.80, 7.70, 5.30, 5.20, 5.60, 8.20, 6.50, 11.60, 10.90, 10.10, 9.00, 8.50, 10.20, 5.10, 6.30, 5.80, 6.30, 7.50, 5.60, 6.20, 9.00, 8.50, 8.80, 8.60, 7.70, 6.30, 4.70, 5.30, 4.10, 5.60, 5.00, 6.70, 8.00, 7.20, 10.60, 10.20, 6.80, 6.20, 5.30, 4.00, 5.00, 4.10, 6.80, 6.40, 7.50, 8.20, 6.90, 5.90, 7.40, 5.20, 5.00, 5.90, 4.30, 5.40, 6.70, 6.00, 6.90, 6.50, 5.80, 7.20, 4.30, 6.10, 4.10, 3.50, 4.00, 5.20, 6.00, 6.10, 6.20, 9.80, 7.60, 4.70, 4.80, 4.00, 4.00, 4.00, 4.60, 3.60, 4.20, 6.10, 6.10, 6.10, 5.80, 5.00, 4.70, 3.80, 3.60, 4.00, 3.30, 3.80, 3.80, 3.90, 5.60, 6.90, 6.30, 4.60, 4.60, 4.30, 4.10, 3.80, 3.30, 3.90, 5.10, 5.30, 6.50, 5.00, 5.40, 5.20, 4.30, 4.30, 3.20, 2.90, 4.20, 3.70, 4.50, 5.20, 5.50, 5.40, 5.50, 4.50, 5.00, 4.90, 3.40, 3.10, 3.30, 3.70, 4.90, 5.10, 5.90, 5.30, 5.50, 5.10, 4.30, 3.50, 2.70, 2.30, 2.50, 3.90, 2.80, 4.40, 4.90, 4.50, 5.30, 3.20, 3.90, 2.80, 2.80, 2.20, 3.10, 3.00, 5.00, 3.20, 3.90, 4.20, 3.50, 2.90, 3.10, 2.90, 3.10, 2.70, 2.70, 2.90, 3.10, 3.40, 4.10, 5.70, 4.90, 3.10, 4.30, 3.80, 2.20, 2.50, 2.80, 2.50, 3.00, 4.70, 3.30, 3.60, 4.90, 3.40, 4.80, 2.70, 2.70, 2.70, 2.60, 2.50, 2.80, 3.90, 4.20, 3.30, 4.50, 4.00, 3.00, 2.40, 1.80, 2.90, 2.00, 2.50, 2.50, 3.00, 3.20, 2.90, 3.50, 3.60, 2.70, 3.10, 2.10, 2.50, 2.00, 1.40, 2.60, 2.60, 3.50, 4.00, 3.60, 2.90, 1.70, 1.80, 1.20, 1.40, 1.70, 2.10, 2.80, 3.60, 3.00, 3.84, 3.15, 2.77, 2.46, 1.95, 1.89, 2.14, 2.05, 2.16, 2.82, 2.67, 4.41), z=c(257, 198, 197, 189, 275, 241, 215, 210, 223, 213, 237, 283, 314, 268, 280, 231, 271, 287, 272, 213, 218, 286, 231, 237, 200, 242, 213, 282, 232, 239, 251, 322, 207, 246, 235, 280, 248, 228, 226, 223, 198, 209, 206, 199, 198, 278, 243, 295, 243, 215, 249, 232, 262, 233, 213, 231, 234, 231, 240, 258, 269, 240, 254, 239, 243, 281, 217, 232, 266, 266, 228, 234, 260, 236, 200, 203, 242, 192, 231, 206, 219, 309, 310, 248, 193, 236, 248, 214, 223, 205, 251, 239, 200, 227, 235, 209, 224, 226, 202, 236, 265, 257, 205, 276, 196, 232, 232, 239, 199, 214, 244, 227, 194, 178, 205, 194, 188, 245, 200, 189, 187, 201, 203, 202, 224, 232, 241, 182, 227, 256, 201, 237, 214, 185, 209, 224, 210, 223, 178, 210, 160, 191, 170, 194, 185, 163, 162, 202, 174, 199, 170, 178, 178, 174, 176, 200, 165, 188, 159, 169, 229, 184, 178, 203, 155, 178, 174, 173, 141, 144, 143, 147, 177, 185, 142, 167, 176, 177, 173, 198, 177, 205, 132, 188, 185, 164, 148, 157, 172, 164, 150, 155, 139, 152, 143, 167, 169, 163, 155, 128, 144, 135, 137, 125, 127, 141, 158, 149, 153, 155, 138, 137, 148, 143, 142, 162, 132, 139, 136, 174, 177, 135, 123, 150, 134, 127, 131, 147, 141, 167, 178, 139, 146, 152, 140, 137, 142, 148, 139, 137, 127, 114, 129, 161, 141, 181, 111, 126, 113, 155, 134, 120, 102, 136, 145, 146, 162, 150, 143, 131, 132, 131, 121, 150, 117, 127, 177, 144, 153, 131, 129, 123, 126, 128, 153, 147, 129, 135, 135, 184, 166, 147, 127, 122, 124, 138, 120, 114, 124, 144, 155, 142, 177, 144, 124, 125, 115, 136, 129, 145, 132, 138, 150, 157, 151, 141, 134, 133, 141, 148, 143, 139, 119, 161, 128, 144, 161, 127, 135, 133, 130, 115, 121, 118, 125, 135, 128, 126, 167, 130, 136, 117, 136, 128, 117, 123, 120, 129, 120, 134, 147, 106, 107, 112, 134, 116, 128, 131, 132, 125, 127, 149, 143, 139, 118, 117, 118, 125, 107, 117, 124, 136, 136, 133, 132, 130, 146, 135, 127, 124, 143, 112, 126, 152, 129, 150, 134, 146, 123, 116, 134, 134, 124, 130), N=384)

inits
list(alphaY = 1.89, bY = 0.0643, alphaZ = 2.48, sZ = 171.20, theta = 2.55)
list(alphaY = 2.73, bY = 0.0349, alphaZ = 8.69, sZ = 126.27, theta = 5.01)
list(alphaY = 2.94, bY = 0.0706, alphaZ = 4.89, sZ = 166.00, theta = 3.56)
list(alphaY = 2.84, bY = 0.0419, alphaZ = 5.54, sZ = 140.22, theta = 1.82)
list(alphaY = 1.12, bY = 0.0664, alphaZ = 5.38, sZ = 133.79, theta = 1.23)