#########################################################################
model{
	# Truco de los ceros
	for (i in 1:N){
		y[i] ~ dweib(alphaY,bY)
	}
	# Aprioris PM25
	alphaY ~  dunif(0,10)
	bY ~ dunif(0,10)
	# Estimaciones derivadas
	kY <- pow(bY, -1/alphaY)
}

data
list(y=c(93, 98, 107, 118, 223, 194, 140, 203, 141, 95, 84, 79, 91, 77, 93, 88, 109, 248, 115, 79, 125, 118, 90, 77, 82, 72, 104, 119, 428, 254, 114, 136, 164, 99, 97, 85, 83, 101, 80, 109, 152, 107, 89, 98, 93, 92, 80, 79, 71, 81, 86, 141, 133, 97, 116, 147, 85, 79, 61, 68, 80, 82, 87, 104, 102, 99, 85, 63, 63, 83, 64, 56, 63, 57, 76, 86, 95, 101, 98, 65, 88, 82, 78, 76, 60, 51, 84, 175, 175, 105, 82, 86, 79, 94, 70, 76, 64, 70, 87, 73, 161, 172, 85, 107, 122, 139, 88, 101, 120, 101, 117, 105, 144, 156, 111, 198, 119, 106, 100, 115, 73, 81, 95, 117, 143, 135, 82, 86, 86, 90, 74, 78, 76, 63, 115, 106, 152, 267, 105, 113, 117, 94, 99, 89, 123, 70, 119, 134, 690, 186, 380, 77, 98, 100, 78, 84, 71, 84, 74, 123, 141, 157, 82, 84, 84, 89, 69, 62, 77, 110, 84, 104, 158, 107, 116, 77, 86, 85, 76, 90, 73, 123, 69, 94, 165, 165, 92, 64, 135, 173, 69, 72, 64, 68, 61, 89, 151, 102, 66, 82, 59, 86, 68, 60, 54, 65, 88, 98, 89, 75, 122, 88, 72, 56, 62, 62, 57, 101, 77, 75, 126), N=221)

