#########################################################################
model{
	C <- 100000
	# Truco de los ceros
	for (i in 1:N){
		zeroY[i] <- 0
		zeroZ[i] <- 0
		zeroT[i] <- 0
		
		zeroY[i] ~ dpois(phiY[i])
		zeroZ[i] ~ dpois(phiZ[i])
		zeroT[i] ~ dpois(phiT[i])
		
		# Distribuciones
		u[i] <- exp(-pow(y[i]/sY, -alphaY)) # Acumulada Y
		v[i] <- exp(-pow(z[i]/sZ, -alphaZ)) # Acumulada Z
		
		# Densidades
		fY[i] <- (alphaY / sY) * pow(y[i]/sY , -alphaY - 1) * u[i] # Densidad Y
		fZ[i] <- (alphaZ / sZ) * pow(z[i]/sZ , -alphaZ - 1) * v[i]
		
		# Gumbel-Hougaard
		CYZ[i] <- pow(-log(u[i]), theta-1) * pow(-log(v[i]), theta-1) * (1/(u[i]*v[i])) * exp(-pow(pow(-log(u[i]),theta) + pow(-log(v[i]), theta),1/theta)) * (pow(pow(-log(u[i]),theta) + pow(-log(v[i]), theta), 2/theta-2) + (theta-1)*pow(pow(-log(u[i]),theta) + pow(-log(v[i]), theta), 1/theta-2))
		
		phiY[i] <- -log(fY[i]) + C
		phiZ[i] <- -log(fZ[i]) + C
		phiT[i] <- -log(fY[i] * fZ[i] * CYZ[i]) + C
	}

	# Aprioris NO2
	alphaY ~  dunif(0,10) 
	sY ~ dunif(0,150)

	# Aprioris O3
	alphaZ ~  dunif(0,10) 
	sZ ~ dunif(0,200) 
	
	# Apriori de la theta Gumbel-Hougaard
	theta ~ dunif(1,15)
}

data
list(y=c(87, 96, 92, 101, 109, 52, 47, 113, 51, 101, 124, 175, 139, 155, 241, 136, 152, 108, 116, 142, 170, 136, 145, 131, 97, 161, 110, 118, 132, 97, 151, 84, 146, 170, 185, 192, 142, 131, 260, 151, 144, 147, 131, 120, 95, 137, 75, 175, 158, 178, 124, 134, 114, 124, 92, 81, 107, 120, 156, 154, 167, 141, 117, 84, 98, 62, 103, 77, 91, 156, 177, 279, 230, 393, 324, 141, 116, 92, 83, 82, 145, 168, 182, 185, 143, 115, 157, 128, 164, 106, 99, 130, 128, 165, 222, 190, 136, 202, 162, 152, 132, 66, 58, 57, 69, 66, 64, 125, 160, 112, 86, 75, 62, 54, 111, 81, 107, 93, 96, 221, 298, 242, 230, 216, 186, 84, 64, 58, 121, 120, 154, 164, 169, 130, 126, 128, 141, 69, 82, 130, 103, 121, 126, 148, 137, 124, 151, 110, 139, 110, 79, 99, 75, 112, 114, 128, 131, 118, 122, 158, 108, 91, 87, 82, 69, 102, 180, 182, 130, 130, 109, 117, 122, 111, 83, 79, 91, 79, 135, 166, 154, 147, 120, 111, 110, 87, 78, 87, 84, 136, 110, 136, 152, 112, 127, 144, 88, 75, 126, 78, 89, 129, 119, 142, 89, 136, 95, 94, 106, 106, 76, 75, 78, 112, 132, 137, 116, 101, 104, 87, 89, 65, 59, 92, 79, 105, 110, 158, 124, 154, 111, 89, 84, 70, 86, 53, 63, 89, 111, 119, 131, 105, 102, 104, 109, 93, 60, 68, 74, 128, 122, 133, 121, 110, 120, 84, 90, 68, 80, 64, 101, 125, 128, 183, 128, 120, 137, 134, 139, 93, 67, 80, 88, 144, 131, 165, 126, 152, 190, 117, 126, 91, 81, 70, 79, 86, 113, 143, 103, 114, 95, 96, 88, 78, 76, 68, 85, 122, 87, 114, 106, 88, 77, 78, 90, 80, 94, 84, 73, 97, 87, 111, 116, 111, 91, 106, 113, 77, 78, 76, 60, 74, 113, 88, 112, 90, 90, 102, 85, 88, 79, 74, 91, 82, 107, 129, 116, 88, 87, 88, 109, 69, 63, 60, 77, 75, 89, 103, 88, 96, 89, 73, 82, 77, 59, 61, 60, 64, 100, 104, 85, 93, 84, 51, 64, 45, 50, 58, 50, 66, 83, 77, 76, 81, 98, 76, 52, 65, 65, 60, 66, 71, 71, 92), z=c(153, 156, 159, 171, 160, 122, 116, 198, 85, 114, 121, 189, 139, 169, 214, 193, 285, 241, 157, 206, 191, 168, 225, 233, 173, 182, 242, 206, 240, 235, 191, 212, 186, 187, 219, 263, 221, 192, 213, 208, 188, 222, 142, 187, 145, 272, 189, 200, 194, 185, 207, 212, 213, 185, 188, 156, 146, 178, 220, 210, 276, 183, 211, 218, 251, 201, 162, 179, 181, 199, 198, 223, 288, 172, 179, 174, 190, 208, 168, 146, 161, 136, 181, 179, 165, 192, 189, 196, 210, 197, 134, 180, 192, 202, 178, 194, 209, 223, 249, 201, 206, 187, 154, 177, 201, 285, 157, 212, 215, 206, 208, 210, 200, 171, 169, 112, 99, 147, 154, 201, 192, 207, 222, 185, 201, 169, 151, 132, 131, 164, 187, 158, 189, 149, 194, 175, 171, 189, 144, 126, 124, 181, 157, 161, 175, 177, 181, 177, 163, 149, 117, 132, 128, 159, 165, 203, 121, 159, 155, 210, 146, 122, 114, 130, 127, 123, 155, 157, 129, 152, 163, 162, 186, 119, 136, 107, 123, 153, 153, 154, 156, 122, 145, 178, 156, 126, 106, 131, 120, 109, 139, 137, 125, 124, 157, 126, 177, 129, 105, 110, 99, 109, 145, 122, 127, 149, 153, 177, 136, 138, 117, 93, 109, 113, 124, 139, 152, 130, 126, 184, 142, 102, 89, 118, 110, 92, 128, 155, 155, 152, 166, 143, 144, 115, 109, 111, 118, 146, 146, 115, 130, 141, 155, 157, 162, 150, 114, 100, 96, 129, 146, 115, 97, 111, 159, 131, 150, 114, 118, 111, 158, 118, 151, 143, 119, 121, 163, 143, 142, 128, 107, 102, 111, 140, 165, 142, 126, 137, 132, 180, 162, 130, 100, 142, 113, 124, 125, 126, 130, 160, 142, 160, 138, 123, 115, 113, 122, 125, 114, 130, 121, 140, 158, 138, 160, 131, 120, 118, 128, 134, 116, 127, 141, 162, 163, 144, 172, 133, 120, 118, 107, 113, 104, 110, 136, 143, 124, 149, 171, 134, 118, 109, 132, 123, 131, 115, 115, 134, 124, 141, 151, 130, 115, 119, 117, 111, 146, 143, 112, 149, 147, 158, 142, 121, 111, 114, 108, 112, 107, 127, 118, 113, 126, 127, 127, 100, 96, 107, 114, 135, 127, 115, 101, 146, 131, 146, 133, 114, 115, 127, 120, 113, 128, 133), N=384)

inits
list(alphaY = 2.58, sY = 110.64, alphaZ = 2.48, sZ = 171.20, theta = 2.55)
list(alphaY = 1.16, sY = 135.16, alphaZ = 3.69, sZ = 156.27, theta = 5.01)
list(alphaY = 2.03, sY = 129.13, alphaZ = 4.89, sZ = 166.00, theta = 3.56)
list(alphaY = 2.67, sY = 119.94, alphaZ = 5.54, sZ = 140.22, theta = 1.82)
list(alphaY = 1.94, sY = 123.24, alphaZ = 5.38, sZ = 133.79, theta = 1.23)