#########################################################################
model{
	# Truco de los ceros
	for (i in 1:N){
		y[i] ~ dweib(alphaY,bY)
	}
	# Aprioris SO2
	alphaY ~  dunif(0,10)
	bY ~ dunif(0,10)
	# Estimaciones derivadas
	kY <- pow(bY, -1/alphaY)
}

data
list(y=c(175, 256, 150, 121, 104, 114, 90, 95, 75, 143, 118, 114, 133, 133, 188, 139, 134, 116, 105, 121, 127, 125, 181, 155, 157, 140, 101, 91, 88, 98, 103, 84, 48, 102, 183, 206, 121, 102, 57, 63, 67, 55, 32, 32, 47, 61, 56, 93, 136, 78, 119, 77, 132, 100, 58, 78, 69, 135, 84, 102, 117, 130, 89, 93, 74, 61, 32, 77, 58, 95, 135, 84, 104, 85, 92, 58, 100, 79, 74, 67, 41, 73, 137, 66, 90, 86, 74, 64, 86, 70, 74, 64, 89, 141, 70, 97, 104, 43, 150, 144, 132, 108, 83, 88, 43, 105, 68, 91, 96, 109, 60, 94, 45, 98, 67, 53, 47, 107, 118, 66, 119, 95, 48, 155, 65, 63, 59, 39, 79, 136, 154, 142, 143, 129, 102, 71, 80, 73, 71, 61, 29, 155, 106, 386, 96, 102, 114, 104, 157, 92, 76, 66, 50, 38, 202, 130, 281, 140, 155, 80, 127, 101, 78, 87, 60, 62, 141, 162, 166, 138, 143, 94, 151, 41, 121, 55, 37, 60, 85, 85, 135, 119, 99, 130, 74, 102, 243, 93, 184, 76, 200, 238, 145, 114, 85, 41, 63, 59, 35, 65, 77, 90, 75, 63, 81, 58, 112, 47, 61, 71, 61, 38, 103, 129, 105, 68, 107, 118, 114, 110, 58, 30, 55, 59, 137, 139, 100, 129, 85, 134, 51, 89, 71, 60, 65, 77, 62, 47, 109, 62, 57, 49, 135, 74, 106, 45, 31, 36, 30, 74, 133, 102, 61, 60, 125, 35, 69, 53, 40, 79, 56, 119, 107, 80, 104, 60, 64, 79, 108, 54, 93, 54, 49, 86, 110, 93, 260, 117, 86, 101, 60, 67, 44, 74, 26, 45, 135, 126, 76, 66, 41, 72, 87, 102, 72, 78, 36, 61, 70, 69, 53, 46, 20, 41, 33, 50, 24, 37, 62, 53, 99, 89, 39, 93, 37, 46, 33, 43, 23, 40, 39, 48, 87, 43, 128, 75, 85, 40, 58, 55, 78, 56, 80, 56, 94, 89, 86, 45, 73, 45, 64, 90, 42, 50, 29, 34, 65, 122, 84, 64, 44, 42, 27, 38, 21, 50, 31, 26, 50, 46, 56, 43, 42, 37, 16, 63, 16, 29, 46, 78, 79, 58, 57, 125, 50, 36, 25, 57, 22, 28, 37, 36, 53, 36), N=384)

