#########################################################################
model{
	C <- 100000
	# Truco de los ceros
	for (i in 1:N){
		zy[i] <- 0
		zy[i] ~ dpois(phi[i])
		fy[i] <- (alphaY / sY) * pow(y[i]/sY , -alphaY - 1) * exp(-pow(y[i]/sY , -alphaY))
		phi[i] <- -log(fy[i]) + C
	}
	# Aprioris CO
	alphaY ~  dunif(0,10)
	sY ~ dunif(0,10) 
}

data
list(y=c(19.70, 21.20, 24.20, 18.90, 16.90, 19.30, 12.20, 11.70, 16.10, 18.50, 22.40, 20.00, 21.30, 22.60, 25.90, 16.00, 18.10, 13.50, 19.30, 13.30, 14.50, 18.00, 18.20, 21.70, 18.20, 20.30, 15.10, 13.60, 13.00, 12.90, 12.30, 13.40, 8.90, 17.80, 18.90, 18.40, 17.00, 19.70, 15.60, 8.90, 12.70, 11.80, 9.60, 7.70, 9.30, 12.10, 15.50, 16.00, 20.20, 16.70, 15.80, 16.60, 10.60, 10.30, 8.00, 12.90, 12.10, 15.70, 9.50, 11.20, 12.40, 15.90, 11.20, 8.30, 6.20, 6.20, 7.80, 6.60, 5.80, 5.20, 12.80, 15.10, 17.90, 15.20, 10.60, 6.70, 8.50, 9.90, 13.20, 10.30, 7.90, 11.30, 11.00, 12.40, 13.40, 12.40, 9.00, 11.60, 7.30, 5.10, 5.80, 6.30, 13.40, 10.70, 8.80, 11.50, 13.30, 12.50, 12.40, 11.80, 14.90, 10.10, 7.50, 7.20, 8.10, 9.60, 9.40, 13.70, 11.60, 11.00, 8.00, 9.20, 12.80, 10.40, 6.20, 5.90, 8.90, 12.20, 7.00, 11.20, 12.00, 13.40, 9.70, 8.00, 8.30, 9.60, 7.00, 6.60, 6.80, 10.20, 9.40, 12.60, 12.40, 10.40, 11.50, 9.70, 10.50, 9.30, 8.80, 8.30, 7.10, 7.80, 11.50, 9.50, 9.80, 8.00, 7.70, 10.40, 8.80, 5.80, 7.90, 9.30, 9.40, 13.20, 10.50, 10.30, 9.50, 8.20, 7.60, 9.60, 5.50, 6.00, 6.20, 5.30, 8.20, 6.70, 8.50, 11.30, 10.60, 12.80, 7.60, 8.50, 8.80, 6.00, 4.80, 5.80, 6.90, 8.70, 8.70, 8.10, 8.00, 8.30, 7.20, 6.90, 6.40, 4.80, 4.80, 5.70, 5.70, 8.70, 12.20, 8.60, 8.50, 10.40, 6.60, 6.40, 6.10, 6.90, 6.30, 3.90, 4.60, 6.50, 8.60, 7.30, 7.50, 6.30, 5.80, 6.90, 5.10, 3.30, 3.80, 4.90, 5.00, 5.30, 6.40, 6.00, 6.00, 5.40, 4.60, 5.20, 4.10, 3.40, 3.50, 5.30, 3.30, 5.90, 6.20, 6.50, 5.80, 8.70, 5.90, 3.80, 5.10, 3.40, 2.80, 3.30, 3.90, 4.70, 5.30, 4.70, 6.40, 6.10, 4.50, 4.50, 4.40, 4.70, 3.80, 3.20, 4.10, 5.70, 5.00, 6.60, 7.00, 5.70, 3.70, 5.60, 3.50, 3.10, 3.80, 3.30, 3.70, 5.10, 5.00, 5.60, 5.80, 4.70, 4.90, 4.80, 3.40, 2.90, 2.90, 3.20, 3.40, 4.00, 3.60, 4.30, 3.80, 4.00, 3.70, 5.10, 3.90, 3.60, 3.00, 3.80, 3.80, 3.30, 4.50, 5.40, 5.60, 4.10, 3.70, 3.60, 3.30, 3.00, 2.50, 3.40, 3.90, 4.40, 3.50, 4.20, 3.40, 4.10, 2.50, 2.90, 2.10, 2.00, 1.90, 2.10, 2.70, 2.90, 3.30, 3.40, 3.40, 3.20, 2.60, 2.70, 2.80, 2.20, 1.80, 1.90, 1.60, 2.30, 2.60, 3.50, 2.60, 2.50, 2.10, 3.00, 2.20, 1.50, 1.90, 1.50, 2.70, 3.00, 2.20, 2.60, 2.70, 2.20, 1.80, 1.80, 1.60, 1.40, 1.40, 1.10, 1.40, 2.10, 2.10, 2.60, 2.20, 2.10, 1.90, 2.00, 2.00, 1.10, 1.40, 1.10, 1.60, 1.30, 1.80, 2.10, 1.90, 2.30, 1.40, 1.00, 0.80, 0.90, 0.90, 0.90, 0.80, 1.10, 1.30, 1.30, 1.41, 1.42, 1.11, 1.33, 1.06, 1.07, 1.52, 1.04, 1.26, 1.58, 1.59, 1.80), N=384)

inits
list(alphaY = 3.214, sY = 2.267)
list(alphaY = 3.987, sY = 1.162)
list(alphaY = 0.153, sY = 6.219)
list(alphaY = 1.258, sY = 5.231)
list(alphaY = 0.15, sY = 7.052)

list(alphaY = 1.459,sY = 2.888)