#########################################################################
model{
	C <- 100000
	for (i in 1:N){
		y[i] ~ dweib(alphaY, bY)
	}
	# Truco de los ceros
	for (i in 1:N){
		zeroZ[i] <- 0
		zeroT[i] <- 0
		
		zeroZ[i] ~ dpois(phiZ[i])
		zeroT[i] ~ dpois(phiT[i])
		
		# Distribuciones
		u[i] <- 1 - exp(-bY * pow(y[i] , alphaY)) # Acumulada Y
		v[i] <- exp(-pow(z[i]/sZ, -alphaZ)) # Acumulada Z
		
		# Densidades
		fY[i] <- bY * alphaY * pow(y[i] , alphaY - 1) * exp(-bY * pow( y[i] , alphaY)) # Densidad Y
		fZ[i] <- (alphaZ / sZ) * pow(z[i]/sZ , -alphaZ - 1) * v[i] 
		
		# Gumbel-Hougaard
		CYZ[i] <- pow(-log(u[i]), theta-1) * pow(-log(v[i]), theta-1) * (1/(u[i]*v[i])) * exp(-pow(pow(-log(u[i]),theta) + pow(-log(v[i]), theta),1/theta)) * (pow(pow(-log(u[i]),theta) + pow(-log(v[i]), theta), 2/theta-2) + (theta-1)*pow(pow(-log(u[i]),theta) + pow(-log(v[i]), theta), 1/theta-2))
		
		phiZ[i] <- -log(fZ[i]) + C
		phiT[i] <- -log(fY[i] * fZ[i] * CYZ[i]) + C
	}

	# Aprioris NO2
	alphaY ~  dunif(0,10)
	bY ~ dunif(0,10)
	kY <- pow(bY, -1/alphaY)

	# Aprioris O3
	alphaZ ~  dunif(0,10)
	sZ ~ dunif(0,200)
	
	# Apriori de la theta Gumbel-Hougaard
	theta ~ dunif(1,15)
}

data
list(y=c(344, 263, 210, 227, 259, 169, 202, 178, 72, 94, 145, 162, 121, 188, 309, 152, 77, 85, 200, 52, 87, 62, 194, 248, 203, 214, 214, 173, 163, 152, 199, 137, 163, 199, 219, 277, 245, 240, 197, 192, 175, 191, 134, 133, 168, 196, 281, 259, 309, 190, 229, 249, 206, 170, 139, 136, 177, 218, 239, 174, 257, 291, 190, 146, 125, 161, 155, 118, 181, 198, 291, 302, 378, 298, 175, 188, 191, 232, 187, 158, 191, 167, 284, 227, 200, 165, 238, 177, 243, 184, 234, 123, 135, 280, 351, 243, 178, 308, 224, 249, 268, 209, 116, 113, 140, 143, 144, 228, 167, 207, 182, 214, 140, 121, 137, 134, 143, 184, 141, 176, 166, 213, 211, 178, 153, 108, 85, 142, 108, 262, 152, 246, 179, 158, 137, 153, 124, 106, 91, 109, 110, 155, 166, 188, 201, 181, 138, 140, 151, 140, 120, 129, 127, 153, 180, 155, 192, 170, 187, 196, 182, 138, 115, 121, 122, 150, 180, 222, 162, 178, 135, 151, 147, 126, 99, 97, 136, 153, 166, 190, 185, 189, 112, 155, 147, 133, 99, 115, 110, 162, 164, 198, 154, 178, 139, 149, 131, 111, 105, 108, 111, 124, 156, 149, 144, 143, 140, 123, 128, 113, 117, 97, 105, 132, 147, 174, 135, 126, 122, 132, 110, 108, 94, 106, 114, 109, 131, 174, 162, 180, 130, 101, 115, 86, 93, 68, 78, 93, 119, 162, 143, 154, 126, 121, 129, 96, 85, 88, 95, 127, 132, 166, 115, 111, 121, 108, 115, 71, 91, 72, 89, 138, 133, 165, 143, 128, 126, 123, 141, 100, 69, 86, 86, 113, 96, 147, 121, 131, 138, 122, 118, 97, 89, 77, 74, 81, 110, 147, 120, 113, 101, 140, 127, 70, 75, 72, 77, 112, 101, 134, 111, 92, 98, 97, 85, 86, 89, 102, 88, 95, 125, 128, 145, 123, 90, 140, 117, 82, 74, 81, 66, 83, 129, 100, 122, 112, 119, 105, 84, 74, 72, 69, 91, 83, 107, 130, 128, 99, 107, 92, 100, 67, 73, 65, 78, 84, 107, 124, 96, 100, 94, 90, 95, 79, 69, 59, 61, 73, 88, 104, 118, 98, 90, 59, 64, 50, 65, 52, 58, 84, 86, 95, 87, 82, 76, 85, 67, 60, 77, 55, 60, 72, 96, 132), z=c(209, 237, 249, 319, 271, 193, 186, 245, 211, 221, 237, 380, 377, 293, 294, 247, 361, 297, 319, 300, 293, 247, 279, 303, 324, 298, 353, 241, 259, 321, 261, 284, 224, 274, 271, 393, 285, 335, 277, 240, 235, 220, 236, 210, 221, 222, 283, 239, 246, 245, 238, 251, 285, 248, 247, 250, 226, 259, 246, 259, 250, 246, 264, 242, 277, 345, 292, 274, 284, 285, 227, 261, 278, 258, 202, 219, 245, 221, 220, 221, 279, 272, 209, 229, 264, 244, 219, 277, 243, 259, 261, 262, 258, 224, 287, 229, 207, 217, 215, 230, 268, 256, 218, 206, 235, 269, 208, 232, 219, 226, 266, 279, 214, 265, 234, 224, 214, 257, 223, 222, 193, 231, 208, 218, 239, 195, 233, 176, 247, 247, 226, 224, 198, 187, 207, 184, 256, 227, 228, 231, 198, 224, 182, 185, 220, 167, 207, 211, 197, 182, 185, 219, 218, 183, 176, 217, 186, 213, 198, 209, 230, 213, 182, 170, 188, 190, 176, 168, 152, 186, 160, 188, 213, 177, 193, 160, 160, 172, 156, 187, 187, 181, 146, 196, 170, 158, 148, 146, 163, 144, 169, 149, 133, 150, 158, 181, 164, 152, 139, 139, 163, 129, 127, 105, 141, 134, 158, 171, 164, 156, 149, 120, 134, 129, 130, 153, 154, 134, 141, 160, 184, 132, 117, 153, 142, 112, 135, 144, 148, 185, 172, 140, 157, 155, 133, 113, 141, 148, 125, 121, 139, 136, 154, 156, 166, 170, 125, 133, 111, 148, 149, 129, 106, 127, 158, 150, 166, 150, 112, 120, 124, 130, 143, 142, 119, 117, 165, 132, 153, 128, 126, 109, 125, 114, 172, 130, 115, 121, 126, 175, 174, 139, 120, 143, 120, 138, 111, 109, 114, 151, 161, 156, 128, 136, 106, 112, 125, 118, 118, 121, 121, 139, 151, 153, 160, 146, 136, 141, 138, 145, 125, 135, 129, 154, 190, 159, 165, 154, 141, 138, 121, 131, 102, 110, 136, 144, 120, 143, 190, 143, 142, 127, 146, 134, 119, 113, 116, 132, 136, 140, 179, 150, 126, 122, 130, 131, 135, 121, 115, 123, 139, 155, 133, 139, 119, 136, 123, 112, 102, 106, 97, 123, 135, 150, 147, 127, 126, 107, 112, 136, 145, 98, 110, 145, 136, 147, 154, 148, 142, 123, 137, 129, 119, 145), N=384)

inits
list(alphaY = 1.89, bY = 6.43E-6, alphaZ = 2.48, sZ = 171.20, theta = 2.55)
list(alphaY = 2.73, bY = 3.49E-5, alphaZ = 8.69, sZ = 126.27, theta = 5.01)
list(alphaY = 2.94, bY = 7.06E-6, alphaZ = 4.89, sZ = 166.00, theta = 3.56)