model{
	C <- 100000
	for (i in 1:N){
		y[i] ~ dweib(alphaY, bY)
		z[i] ~ dweib(alphaZ, bZ)
	}
	# Truco de los ceros
	for (i in 1:N){
		zeroT[i] <- 0
		
		zeroT[i] ~ dpois(phiT[i])
		
		# Distribuciones
		u[i] <- 1 - exp(-bY * pow(y[i] , alphaY)) # Acumulada Y
		v[i] <- 1 - exp(-bZ * pow(z[i] , alphaZ)) # Acumulada Z
		
		# Densidades
		fY[i] <- bY * alphaY * pow(y[i] , alphaY - 1) * exp(-bY * pow( y[i] , alphaY)) # Densidad Y
		fZ[i] <- bZ * alphaZ * pow(z[i] , alphaZ - 1) * exp(-bZ * pow( z[i] , alphaZ)) # Densidad Z 
		
		# Gumbel-Hougaard
		CYZ[i] <- pow(-log(u[i]), theta-1) * pow(-log(v[i]), theta-1) * (1/(u[i]*v[i])) * exp(-pow(pow(-log(u[i]),theta) + pow(-log(v[i]), theta),1/theta)) * (pow(pow(-log(u[i]),theta) + pow(-log(v[i]), theta), 2/theta-2) + (theta-1)*pow(pow(-log(u[i]),theta) + pow(-log(v[i]), theta), 1/theta-2))
		
		phiT[i] <- -log(fY[i] * fZ[i] * CYZ[i]) + C
	}

	# Aprioris CO
	alphaY ~  dunif(0,10)
	bY ~ dunif(0,10)
	kY <- pow(bY, -1/alphaY)

	# Aprioris O3
	alphaZ ~  dunif(0,10)
	bZ ~ dunif(0,10)
	kZ <- pow(bZ, -1/alphaZ)
	
	# Apriori de la theta Gumbel-Hougaard
	theta ~ dunif(1,15)
}

data
list(y=c(21.00, 27.60, 22.90, 25.00, 24.40, 22.70, 23.20, 25.20, 10.50, 30.10, 30.90, 35.40, 35.00, 31.50, 32.00, 31.40, 36.90, 36.30, 33.20, 22.60, 30.70, 27.90, 33.40, 26.00, 32.00, 28.50, 32.00, 30.70, 31.60, 32.40, 24.20, 22.80, 17.70, 22.60, 24.10, 24.70, 28.40, 32.60, 21.30, 17.20, 20.40, 19.80, 17.20, 17.60, 32.60, 30.40, 26.70, 29.30, 19.00, 14.90, 13.10, 11.10, 9.30, 9.70, 12.90, 15.60, 9.80, 13.80, 15.40, 17.50, 20.10, 16.00, 15.20, 9.00, 9.40, 7.40, 11.50, 12.20, 9.80, 9.70, 13.70, 14.60, 24.40, 17.50, 19.00, 20.00, 18.90, 9.90, 7.70, 8.70, 11.00, 15.10, 13.80, 16.10, 16.90, 11.90, 12.60, 16.10, 12.80, 9.60, 7.70, 8.30, 9.40, 11.80, 12.80, 12.80, 18.20, 15.70, 15.80, 14.00, 14.20, 10.70, 8.80, 9.50, 16.70, 18.00, 12.70, 20.70, 17.60, 14.20, 14.50, 15.40, 12.90, 8.50, 7.20, 7.50, 10.40, 10.60, 13.10, 15.20, 13.40, 13.40, 12.40, 12.60, 11.40, 11.50, 11.00, 11.20, 13.30, 14.20, 13.70, 13.70, 15.50, 13.60, 11.10, 10.80, 9.80, 8.30, 8.40, 11.00, 7.60, 8.40, 12.40, 12.30, 12.40, 10.40, 10.60, 10.40, 10.30, 7.00, 6.60, 5.00, 6.50, 9.10, 9.50, 10.80, 11.20, 10.20, 9.40, 10.20, 7.10, 6.50, 6.10, 5.70, 7.60, 7.00, 14.70, 9.30, 9.40, 9.40, 8.80, 8.00, 10.30, 7.20, 6.90, 6.70, 7.00, 8.60, 8.10, 9.00, 10.30, 10.70, 10.00, 9.20, 7.80, 6.00, 5.10, 5.30, 6.20, 7.60, 8.50, 8.30, 8.60, 11.10, 7.60, 7.30, 6.90, 4.20, 5.20, 4.90, 6.10, 6.90, 7.90, 7.20, 6.70, 7.30, 6.50, 6.70, 6.00, 4.60, 5.10, 5.80, 6.10, 6.20, 8.30, 7.60, 7.90, 6.70, 6.60, 6.10, 5.70, 4.40, 4.00, 4.80, 5.20, 5.40, 7.30, 6.70, 7.00, 7.50, 6.20, 6.40, 4.70, 4.10, 3.30, 3.90, 5.40, 4.50, 4.70, 6.10, 6.60, 5.60, 5.00, 5.60, 5.10, 4.50, 3.40, 4.80, 5.00, 5.60, 6.10, 6.60, 4.90, 5.80, 5.50, 5.10, 4.90, 4.40, 3.40, 3.90, 4.60, 6.60, 4.30, 4.80, 5.80, 5.20, 4.90, 6.90, 4.10, 3.60, 3.40, 4.00, 4.00, 5.00, 4.00, 5.00, 4.50, 6.20, 5.70, 4.50, 5.00, 2.70, 2.90, 3.70, 4.40, 4.10, 4.20, 4.70, 5.40, 5.20, 5.50, 5.00, 4.90, 2.90, 3.40, 3.90, 3.90, 4.10, 4.30, 4.10, 4.40, 4.30, 3.80, 4.40, 3.60, 2.50, 3.60, 3.90, 4.00, 3.90, 4.90, 5.20, 6.30, 5.00, 4.50, 4.60, 4.30, 3.20, 2.90, 3.10, 2.80, 4.10, 4.50, 3.90, 5.00, 4.20, 3.70, 4.10, 3.10, 2.30, 2.50, 3.00, 2.90, 3.30, 3.50, 4.20, 3.90, 3.80, 3.30, 2.70, 2.90, 1.90, 1.50, 2.60, 2.30, 3.60, 3.40, 2.80, 3.60, 3.90, 2.50, 3.40, 3.00, 1.90, 1.90, 3.10, 3.40, 3.20, 3.00, 3.20, 3.10, 3.60, 3.50, 1.50, 1.60, 1.70, 1.80, 1.50, 1.50, 1.80, 2.20, 2.80, 2.74, 2.84, 2.81, 2.83, 2.22, 1.84, 2.40, 2.13, 2.45, 2.75, 2.31, 3.17), z=c(180, 286, 209, 224, 239, 201, 250, 237, 221, 275, 242, 301, 283, 289, 373, 271, 310, 213, 267, 295, 304, 354, 318, 308, 284, 407, 315, 294, 299, 255, 245, 287, 209, 270, 272, 355, 253, 313, 246, 237, 271, 263, 247, 236, 324, 305, 286, 349, 276, 287, 274, 261, 301, 287, 249, 279, 237, 283, 255, 289, 284, 264, 249, 263, 294, 260, 225, 249, 266, 238, 292, 272, 317, 255, 239, 226, 232, 224, 247, 270, 245, 280, 223, 270, 227, 262, 213, 265, 238, 253, 237, 237, 318, 294, 281, 263, 255, 242, 286, 262, 243, 274, 258, 268, 263, 251, 282, 309, 277, 264, 284, 264, 237, 171, 227, 236, 170, 251, 201, 259, 214, 205, 235, 224, 239, 221, 224, 164, 212, 202, 231, 218, 271, 242, 228, 232, 214, 244, 219, 204, 197, 202, 196, 164, 218, 215, 238, 235, 206, 160, 170, 188, 196, 173, 165, 247, 165, 209, 188, 243, 213, 207, 188, 184, 172, 175, 187, 176, 148, 193, 171, 190, 212, 182, 201, 154, 158, 163, 156, 170, 154, 162, 153, 187, 174, 132, 137, 153, 168, 132, 184, 141, 135, 173, 185, 186, 211, 160, 132, 152, 172, 151, 169, 124, 145, 152, 175, 188, 168, 171, 151, 123, 132, 152, 110, 168, 133, 131, 164, 189, 185, 136, 122, 136, 179, 123, 129, 158, 161, 179, 174, 150, 156, 152, 133, 129, 124, 157, 165, 142, 145, 152, 156, 147, 201, 171, 130, 132, 128, 153, 165, 108, 98, 134, 164, 139, 152, 140, 125, 139, 140, 128, 177, 141, 114, 119, 172, 124, 140, 139, 124, 110, 122, 123, 148, 141, 126, 118, 136, 163, 153, 113, 103, 134, 111, 141, 97, 122, 114, 175, 171, 144, 138, 140, 130, 115, 106, 107, 112, 124, 122, 106, 145, 158, 153, 127, 119, 121, 131, 174, 111, 128, 122, 147, 185, 152, 174, 119, 133, 125, 109, 94, 110, 105, 137, 138, 114, 156, 161, 124, 113, 108, 145, 118, 115, 115, 115, 125, 131, 120, 126, 149, 117, 112, 115, 119, 145, 145, 119, 137, 159, 158, 153, 127, 114, 123, 115, 107, 101, 118, 112, 126, 122, 137, 136, 125, 115, 105, 108, 132, 116, 107, 115, 141, 127, 160, 124, 125, 111, 113, 126, 127, 100, 131), N=384)

inits
list(alphaY = 1.89, bY = 0.0643, alphaZ = 2.89, bZ = 1.71E-7, theta = 1.81)
list(alphaY = 2.73, bY = 0.0349, alphaZ = 2.92, bZ = 1.56E-7, theta = 2.01)
list(alphaY = 2.94, bY = 0.0706, alphaZ = 2.84, bZ = 2.29E-8, theta = 1.56)