#########################################################################
model{
	C <- 100000
	for (i in 1:N){
		y[i] ~ dweib(alphaY, bY)
	}
	# Truco de los ceros
	for (i in 1:N){
		zeroZ[i] <- 0
		zeroT[i] <- 0
		
		zeroZ[i] ~ dpois(phiZ[i])
		zeroT[i] ~ dpois(phiT[i])
		
		# Distribuciones
		u[i] <- 1 - exp(-bY * pow(y[i] , alphaY)) # Acumulada Y
		v[i] <- exp(-pow(z[i]/sZ, -alphaZ)) # Acumulada Z
		
		# Densidades
		fY[i] <- bY * alphaY * pow(y[i] , alphaY - 1) * exp(-bY * pow( y[i] , alphaY)) # Densidad Y
		fZ[i] <- (alphaZ / sZ) * pow(z[i]/sZ , -alphaZ - 1) * v[i] 
		
		# Gumbel-Hougaard
		CYZ[i] <- pow(-log(u[i]), theta-1) * pow(-log(v[i]), theta-1) * (1/(u[i]*v[i])) * exp(-pow(pow(-log(u[i]),theta) + pow(-log(v[i]), theta),1/theta)) * (pow(pow(-log(u[i]),theta) + pow(-log(v[i]), theta), 2/theta-2) + (theta-1)*pow(pow(-log(u[i]),theta) + pow(-log(v[i]), theta), 1/theta-2))
		
		phiZ[i] <- -log(fZ[i]) + C
		phiT[i] <- -log(fY[i] * fZ[i] * CYZ[i]) + C
	}

	# Aprioris SO2
	alphaY ~  dunif(0,10)
	bY ~ dunif(0,10)
	kY <- pow(bY, -1/alphaY)

	# Aprioris O3
	alphaZ ~  dunif(0,10)
	sZ ~ dunif(0,200)
	
	# Apriori de la theta Gumbel-Hougaard
	theta ~ dunif(1,15)
}

data
list(y=c(292, 227, 198, 172, 191, 182, 167, 161, 129, 192, 252, 263, 231, 205, 201, 135, 187, 141, 220, 231, 406, 196, 224, 237, 243, 237, 327, 108, 88, 106, 132, 101, 64, 220, 152, 127, 181, 109, 79, 75, 128, 77, 55, 61, 73, 125, 208, 161, 183, 140, 171, 124, 85, 194, 75, 99, 139, 140, 117, 94, 190, 112, 163, 113, 66, 118, 47, 80, 345, 117, 107, 108, 137, 143, 278, 72, 107, 117, 170, 169, 176, 110, 204, 215, 109, 118, 107, 86, 94, 99, 51, 118, 114, 132, 110, 142, 144, 85, 220, 169, 113, 141, 93, 100, 95, 95, 137, 177, 123, 99, 83, 117, 54, 64, 73, 101, 80, 231, 197, 195, 268, 253, 144, 154, 142, 164, 374, 94, 83, 119, 178, 189, 136, 128, 118, 78, 87, 108, 43, 66, 56, 92, 125, 364, 121, 206, 175, 160, 166, 98, 130, 71, 73, 134, 184, 202, 193, 131, 96, 146, 97, 95, 66, 128, 58, 67, 150, 190, 288, 140, 197, 178, 137, 63, 89, 56, 79, 88, 135, 202, 198, 157, 82, 165, 74, 179, 119, 179, 182, 118, 203, 226, 127, 163, 77, 52, 105, 87, 54, 141, 52, 117, 112, 132, 135, 103, 84, 108, 96, 128, 64, 85, 92, 172, 104, 100, 105, 135, 148, 122, 98, 49, 46, 44, 42, 99, 72, 124, 129, 132, 111, 75, 109, 68, 82, 63, 78, 77, 133, 105, 143, 82, 155, 72, 97, 64, 38, 42, 53, 90, 113, 149, 107, 163, 129, 54, 115, 58, 37, 31, 124, 185, 135, 107, 149, 116, 85, 65, 89, 62, 195, 62, 79, 170, 115, 106, 226, 144, 139, 162, 82, 62, 38, 39, 48, 69, 146, 149, 120, 70, 77, 85, 156, 82, 38, 101, 42, 68, 80, 89, 63, 65, 36, 56, 55, 66, 31, 43, 60, 57, 166, 118, 80, 154, 67, 97, 104, 46, 63, 104, 53, 82, 121, 96, 170, 106, 116, 54, 145, 66, 65, 99, 118, 49, 115, 102, 112, 73, 137, 68, 118, 87, 62, 115, 81, 24, 48, 91, 126, 52, 65, 163, 102, 41, 29, 101, 52, 37, 62, 56, 94, 83, 53, 54, 29, 45, 28, 16, 58, 62, 72, 56, 67, 251, 103, 43, 43, 39, 23, 45, 39, 30, 58, 39), z=c(209, 237, 249, 319, 271, 193, 186, 245, 211, 221, 237, 380, 377, 293, 294, 247, 361, 297, 319, 300, 293, 247, 279, 303, 324, 298, 353, 241, 259, 321, 261, 284, 224, 274, 271, 393, 285, 335, 277, 240, 235, 220, 236, 210, 221, 222, 283, 239, 246, 245, 238, 251, 285, 248, 247, 250, 226, 259, 246, 259, 250, 246, 264, 242, 277, 345, 292, 274, 284, 285, 227, 261, 278, 258, 202, 219, 245, 221, 220, 221, 279, 272, 209, 229, 264, 244, 219, 277, 243, 259, 261, 262, 258, 224, 287, 229, 207, 217, 215, 230, 268, 256, 218, 206, 235, 269, 208, 232, 219, 226, 266, 279, 214, 265, 234, 224, 214, 257, 223, 222, 193, 231, 208, 218, 239, 195, 233, 176, 247, 247, 226, 224, 198, 187, 207, 184, 256, 227, 228, 231, 198, 224, 182, 185, 220, 167, 207, 211, 197, 182, 185, 219, 218, 183, 176, 217, 186, 213, 198, 209, 230, 213, 182, 170, 188, 190, 176, 168, 152, 186, 160, 188, 213, 177, 193, 160, 160, 172, 156, 187, 187, 181, 146, 196, 170, 158, 148, 146, 163, 144, 169, 149, 133, 150, 158, 181, 164, 152, 139, 139, 163, 129, 127, 105, 141, 134, 158, 171, 164, 156, 149, 120, 134, 129, 130, 153, 154, 134, 141, 160, 184, 132, 117, 153, 142, 112, 135, 144, 148, 185, 172, 140, 157, 155, 133, 113, 141, 148, 125, 121, 139, 136, 154, 156, 166, 170, 125, 133, 111, 148, 149, 129, 106, 127, 158, 150, 166, 150, 112, 120, 124, 130, 143, 142, 119, 117, 165, 132, 153, 128, 126, 109, 125, 114, 172, 130, 115, 121, 126, 175, 174, 139, 120, 143, 120, 138, 111, 109, 114, 151, 161, 156, 128, 136, 106, 112, 125, 118, 118, 121, 121, 139, 151, 153, 160, 146, 136, 141, 138, 145, 125, 135, 129, 154, 190, 159, 165, 154, 141, 138, 121, 131, 102, 110, 136, 144, 120, 143, 190, 143, 142, 127, 146, 134, 119, 113, 116, 132, 136, 140, 179, 150, 126, 122, 130, 131, 135, 121, 115, 123, 139, 155, 133, 139, 119, 136, 123, 112, 102, 106, 97, 123, 135, 150, 147, 127, 126, 107, 112, 136, 145, 98, 110, 145, 136, 147, 154, 148, 142, 123, 137, 129, 119, 145), N=384)

inits
list(alphaY = 1.89, bY = 6.43E-6, alphaZ = 2.48, sZ = 171.20, theta = 2.55)
list(alphaY = 2.73, bY = 3.49E-5, alphaZ = 8.69, sZ = 126.27, theta = 5.01)
list(alphaY = 2.94, bY = 7.06E-6, alphaZ = 4.89, sZ = 166.00, theta = 3.56)
list(alphaY = 2.84, bY = 4.19E-5, alphaZ = 5.54, sZ = 140.22, theta = 1.82)
list(alphaY = 1.12, bY = 6.64E-4, alphaZ = 5.38, sZ = 133.79, theta = 1.23)