#########################################################################
model{
	C <- 100000
	# Truco de los ceros
	for (i in 1:N){
		zeroY[i] <- 0
		zeroZ[i] <- 0
		zeroT[i] <- 0
		
		zeroY[i] ~ dpois(phiY[i])
		zeroZ[i] ~ dpois(phiZ[i])
		zeroT[i] ~ dpois(phiT[i])
		
		# Distribuciones
		u[i] <- exp(-pow(y[i]/sY, -alphaY)) # Acumulada Y
		v[i] <- exp(-pow(z[i]/sZ, -alphaZ)) # Acumulada Z
		
		# Densidades
		fY[i] <- (alphaY / sY) * pow(y[i]/sY , -alphaY - 1) * u[i]
		fZ[i] <- (alphaZ / sZ) * pow(z[i]/sZ , -alphaZ - 1) * v[i]
		
		# Gumbel-Hougaard
		CYZ[i] <- pow(-log(u[i]), theta-1) * pow(-log(v[i]), theta-1) * (1/(u[i]*v[i])) * exp(-pow(pow(-log(u[i]),theta) + pow(-log(v[i]), theta),1/theta)) * (pow(pow(-log(u[i]),theta) + pow(-log(v[i]), theta), 2/theta-2) + (theta-1)*pow(pow(-log(u[i]),theta) + pow(-log(v[i]), theta), 1/theta-2))
		
		phiY[i] <- -log(fY[i]) + C
		phiZ[i] <- -log(fZ[i]) + C
		phiT[i] <- -log(fY[i] * fZ[i] * CYZ[i]) + C
	}

	# Aprioris SO2
	alphaY ~  dunif(0,10) 
	sY ~ dunif(0,100)

	# Aprioris O3
	alphaZ ~  dunif(0,10) 
	sZ ~ dunif(0,200) 
	
	# Apriori de la theta Gumbel-Hougaard
	theta ~ dunif(1,15)
}

data
list(y=c(110, 120, 92, 98, 84, 82, 74, 65, 110, 112, 90, 130, 151, 187, 144, 99, 104, 108, 78, 90, 104, 112, 104, 116, 156, 123, 89, 64, 61, 55, 74, 60, 32, 55, 92, 67, 84, 62, 108, 72, 51, 68, 62, 61, 35, 93, 61, 75, 65, 55, 128, 121, 76, 81, 50, 62, 53, 124, 68, 127, 110, 130, 113, 123, 48, 71, 47, 63, 110, 81, 432, 299, 109, 73, 123, 53, 66, 100, 75, 85, 62, 81, 138, 186, 108, 95, 125, 69, 62, 80, 78, 114, 76, 141, 91, 134, 105, 64, 166, 161, 128, 147, 58, 87, 45, 66, 104, 152, 102, 109, 93, 65, 46, 74, 63, 265, 61, 155, 116, 86, 138, 92, 82, 84, 74, 107, 69, 47, 77, 96, 152, 171, 116, 118, 90, 58, 64, 48, 45, 51, 45, 84, 96, 189, 78, 103, 187, 90, 95, 74, 91, 48, 31, 40, 114, 205, 228, 126, 82, 86, 87, 99, 57, 77, 40, 50, 134, 196, 185, 132, 190, 161, 112, 53, 114, 40, 44, 75, 142, 102, 186, 126, 102, 148, 65, 80, 153, 158, 161, 94, 222, 164, 95, 101, 83, 74, 61, 60, 60, 56, 35, 65, 75, 56, 85, 83, 81, 89, 97, 59, 59, 45, 69, 132, 120, 72, 96, 46, 99, 111, 64, 52, 42, 48, 36, 83, 54, 115, 89, 142, 103, 42, 52, 72, 53, 44, 40, 60, 98, 86, 114, 56, 137, 42, 100, 55, 29, 24, 23, 82, 107, 123, 82, 95, 68, 66, 78, 35, 29, 40, 52, 124, 111, 82, 47, 60, 48, 57, 61, 75, 122, 30, 72, 91, 85, 102, 247, 76, 140, 131, 68, 85, 52, 27, 35, 58, 106, 103, 167, 67, 49, 33, 109, 67, 49, 46, 38, 71, 84, 61, 53, 55, 24, 47, 48, 50, 23, 46, 69, 54, 80, 94, 72, 122, 32, 53, 54, 43, 51, 40, 47, 35, 85, 69, 125, 76, 75, 34, 78, 53, 55, 68, 33, 41, 98, 77, 84, 85, 50, 62, 56, 79, 41, 32, 46, 15, 34, 96, 61, 27, 96, 21, 62, 63, 18, 40, 34, 46, 41, 43, 76, 61, 101, 16, 34, 50, 10, 24, 21, 51, 37, 60, 70, 122, 76, 42, 21, 17, 15, 21, 18, 18, 45, 22), z=c(257, 198, 197, 189, 275, 241, 215, 210, 223, 213, 237, 283, 314, 268, 280, 231, 271, 287, 272, 213, 218, 286, 231, 237, 200, 242, 213, 282, 232, 239, 251, 322, 207, 246, 235, 280, 248, 228, 226, 223, 198, 209, 206, 199, 198, 278, 243, 295, 243, 215, 249, 232, 262, 233, 213, 231, 234, 231, 240, 258, 269, 240, 254, 239, 243, 281, 217, 232, 266, 266, 228, 234, 260, 236, 200, 203, 242, 192, 231, 206, 219, 309, 310, 248, 193, 236, 248, 214, 223, 205, 251, 239, 200, 227, 235, 209, 224, 226, 202, 236, 265, 257, 205, 276, 196, 232, 232, 239, 199, 214, 244, 227, 194, 178, 205, 194, 188, 245, 200, 189, 187, 201, 203, 202, 224, 232, 241, 182, 227, 256, 201, 237, 214, 185, 209, 224, 210, 223, 178, 210, 160, 191, 170, 194, 185, 163, 162, 202, 174, 199, 170, 178, 178, 174, 176, 200, 165, 188, 159, 169, 229, 184, 178, 203, 155, 178, 174, 173, 141, 144, 143, 147, 177, 185, 142, 167, 176, 177, 173, 198, 177, 205, 132, 188, 185, 164, 148, 157, 172, 164, 150, 155, 139, 152, 143, 167, 169, 163, 155, 128, 144, 135, 137, 125, 127, 141, 158, 149, 153, 155, 138, 137, 148, 143, 142, 162, 132, 139, 136, 174, 177, 135, 123, 150, 134, 127, 131, 147, 141, 167, 178, 139, 146, 152, 140, 137, 142, 148, 139, 137, 127, 114, 129, 161, 141, 181, 111, 126, 113, 155, 134, 120, 102, 136, 145, 146, 162, 150, 143, 131, 132, 131, 121, 150, 117, 127, 177, 144, 153, 131, 129, 123, 126, 128, 153, 147, 129, 135, 135, 184, 166, 147, 127, 122, 124, 138, 120, 114, 124, 144, 155, 142, 177, 144, 124, 125, 115, 136, 129, 145, 132, 138, 150, 157, 151, 141, 134, 133, 141, 148, 143, 139, 119, 161, 128, 144, 161, 127, 135, 133, 130, 115, 121, 118, 125, 135, 128, 126, 167, 130, 136, 117, 136, 128, 117, 123, 120, 129, 120, 134, 147, 106, 107, 112, 134, 116, 128, 131, 132, 125, 127, 149, 143, 139, 118, 117, 118, 125, 107, 117, 124, 136, 136, 133, 132, 130, 146, 135, 127, 124, 143, 112, 126, 152, 129, 150, 134, 146, 123, 116, 134, 134, 124, 130), N=384)

inits
list(alphaY = 2.58, sY = 50.64, alphaZ = 2.48, sZ = 171.20, theta = 2.55)
list(alphaY = 1.16, sY = 45.16, alphaZ = 3.69, sZ = 156.27, theta = 5.01)
list(alphaY = 2.03, sY = 49.13, alphaZ = 4.89, sZ = 166.00, theta = 3.56)
list(alphaY = 2.67, sY = 40.94, alphaZ = 5.54, sZ = 140.22, theta = 1.82)
list(alphaY = 1.94, sY = 53.24, alphaZ = 5.38, sZ = 133.79, theta = 1.23)