#########################################################################
model{
	C <- 100000
	# Truco de los ceros
	for (i in 1:N){
		zY[i] <- 0
		zY[i] ~ dpois(phi[i])
		fY[i] <- (alphaY / sY) * pow(y[i]/sY , -alphaY - 1) * exp(-pow(y[i]/sY , -alphaY))
		phi[i] <- -log(fY[i]) + C
	}
	# Aprioris PM25
	alphaY ~  dunif(0,10)
	sY ~ dunif(0,100)
}

data
list(y=c(80, 110, 101, 85, 272, 178, 93, 105, 117, 93, 107, 64, 91, 83, 123, 81, 127, 330, 114, 104, 131, 186, 72, 94, 80, 86, 92, 112, 429, 302, 133, 112, 116, 94, 98, 70, 71, 66, 95, 135, 212, 107, 78, 98, 108, 87, 93, 90, 111, 114, 266, 131, 269, 186, 144, 118, 164, 137, 108, 83, 65, 71, 71, 102, 170, 105, 75, 137, 152, 94, 89, 61, 64, 53, 61, 53, 152, 92, 55, 76, 80, 83, 92, 75, 61, 60, 97, 173, 219, 143, 137, 110, 66, 79, 73, 72, 147, 66, 78, 68, 175, 204, 68, 105, 99, 105, 72, 69, 59, 67, 79, 83, 128, 163, 94, 95, 148, 119, 76, 60, 57, 61, 78, 111, 127, 136, 124, 78, 69, 73, 74, 73, 72, 69, 108, 101, 175, 193, 104, 90, 91, 87, 95, 92, 88, 90, 93, 132, 168, 183, 225, 65, 159, 106, 79, 85, 65, 62, 58, 104, 110, 155, 140, 167, 211, 102, 60, 65, 62, 56, 39, 79, 129, 166, 86, 70, 88, 92, 70, 98, 77, 87, 49, 87, 211, 180, 79, 75, 145, 211, 77, 76, 62, 87, 86, 108, 144, 102, 76, 110, 95, 89, 51, 69, 51, 66, 81, 101, 189, 126, 106, 115, 115, 119, 117, 64, 50, 130, 84, 100, 256), N=221)