#########################################################################
model{
	# Truco de los ceros
	for (i in 1:N){
		y[i] ~ dweib(alphaY,bY)
	}
	# Aprioris CO
	alphaY ~  dunif(0,10)
	bY ~ dunif(0,10)
	# Estimaciones derivadas
	kY <- pow(bY, -1/alphaY)
}

data
list(y=c(16.40, 15.30, 16.00, 15.60, 12.90, 10.20, 10.60, 12.30, 13.10, 15.50, 20.70, 26.70, 24.90, 25.50, 20.10, 14.30, 7.40, 8.40, 13.90, 12.30, 19.70, 13.90, 7.00, 17.30, 21.10, 15.70, 16.80, 12.60, 10.50, 10.90, 7.20, 8.40, 5.30, 7.70, 10.90, 17.70, 17.00, 18.20, 13.50, 10.90, 12.10, 8.00, 8.60, 5.60, 8.30, 13.60, 10.90, 14.90, 15.80, 11.90, 13.50, 10.80, 9.20, 7.80, 8.70, 15.60, 9.50, 9.50, 8.50, 10.70, 15.80, 15.00, 10.30, 7.10, 7.00, 5.80, 8.30, 7.60, 6.50, 8.30, 10.30, 14.10, 17.90, 10.60, 9.70, 15.30, 9.10, 8.40, 6.60, 7.20, 8.30, 9.90, 8.40, 11.70, 13.00, 8.20, 9.50, 13.30, 10.30, 7.30, 5.40, 5.70, 8.20, 10.60, 10.20, 10.40, 15.30, 14.50, 13.80, 12.20, 10.10, 7.30, 5.50, 7.20, 9.00, 9.80, 7.40, 14.30, 11.20, 12.90, 8.40, 9.40, 10.20, 5.50, 5.80, 5.30, 7.80, 8.20, 7.60, 10.40, 12.70, 12.00, 10.20, 8.00, 6.80, 6.80, 6.30, 6.70, 7.90, 7.30, 9.00, 11.30, 11.90, 11.30, 9.70, 8.40, 5.70, 7.00, 7.70, 5.20, 9.40, 4.90, 8.80, 4.50, 12.80, 11.30, 9.70, 6.80, 7.70, 5.30, 5.20, 5.60, 8.20, 6.50, 11.60, 10.90, 10.10, 9.00, 8.50, 10.20, 5.10, 6.30, 5.80, 6.30, 7.50, 5.60, 6.20, 9.00, 8.50, 8.80, 8.60, 7.70, 6.30, 4.70, 5.30, 4.10, 5.60, 5.00, 6.70, 8.00, 7.20, 10.60, 10.20, 6.80, 6.20, 5.30, 4.00, 5.00, 4.10, 6.80, 6.40, 7.50, 8.20, 6.90, 5.90, 7.40, 5.20, 5.00, 5.90, 4.30, 5.40, 6.70, 6.00, 6.90, 6.50, 5.80, 7.20, 4.30, 6.10, 4.10, 3.50, 4.00, 5.20, 6.00, 6.10, 6.20, 9.80, 7.60, 4.70, 4.80, 4.00, 4.00, 4.00, 4.60, 3.60, 4.20, 6.10, 6.10, 6.10, 5.80, 5.00, 4.70, 3.80, 3.60, 4.00, 3.30, 3.80, 3.80, 3.90, 5.60, 6.90, 6.30, 4.60, 4.60, 4.30, 4.10, 3.80, 3.30, 3.90, 5.10, 5.30, 6.50, 5.00, 5.40, 5.20, 4.30, 4.30, 3.20, 2.90, 4.20, 3.70, 4.50, 5.20, 5.50, 5.40, 5.50, 4.50, 5.00, 4.90, 3.40, 3.10, 3.30, 3.70, 4.90, 5.10, 5.90, 5.30, 5.50, 5.10, 4.30, 3.50, 2.70, 2.30, 2.50, 3.90, 2.80, 4.40, 4.90, 4.50, 5.30, 3.20, 3.90, 2.80, 2.80, 2.20, 3.10, 3.00, 5.00, 3.20, 3.90, 4.20, 3.50, 2.90, 3.10, 2.90, 3.10, 2.70, 2.70, 2.90, 3.10, 3.40, 4.10, 5.70, 4.90, 3.10, 4.30, 3.80, 2.20, 2.50, 2.80, 2.50, 3.00, 4.70, 3.30, 3.60, 4.90, 3.40, 4.80, 2.70, 2.70, 2.70, 2.60, 2.50, 2.80, 3.90, 4.20, 3.30, 4.50, 4.00, 3.00, 2.40, 1.80, 2.90, 2.00, 2.50, 2.50, 3.00, 3.20, 2.90, 3.50, 3.60, 2.70, 3.10, 2.10, 2.50, 2.00, 1.40, 2.60, 2.60, 3.50, 4.00, 3.60, 2.90, 1.70, 1.80, 1.20, 1.40, 1.70, 2.10, 2.80, 3.60, 3.00, 3.84, 3.15, 2.77, 2.46, 1.95, 1.89, 2.14, 2.05, 2.16, 2.82, 2.67, 4.41), N=384)