#########################################################################
model{
	# Truco de los ceros
	for (i in 1:N){
		y[i] ~ dweib(alphaY,bY)
	}
	# Aprioris SO2
	alphaY ~  dunif(0,10)
	bY ~ dunif(0,10)
	# Estimaciones derivadas
	kY <- pow(bY, -1/alphaY)
}

data
list(y=c(292, 227, 198, 172, 191, 182, 167, 161, 129, 192, 252, 263, 231, 205, 201, 135, 187, 141, 220, 231, 406, 196, 224, 237, 243, 237, 327, 108, 88, 106, 132, 101, 64, 220, 152, 127, 181, 109, 79, 75, 128, 77, 55, 61, 73, 125, 208, 161, 183, 140, 171, 124, 85, 194, 75, 99, 139, 140, 117, 94, 190, 112, 163, 113, 66, 118, 47, 80, 345, 117, 107, 108, 137, 143, 278, 72, 107, 117, 170, 169, 176, 110, 204, 215, 109, 118, 107, 86, 94, 99, 51, 118, 114, 132, 110, 142, 144, 85, 220, 169, 113, 141, 93, 100, 95, 95, 137, 177, 123, 99, 83, 117, 54, 64, 73, 101, 80, 231, 197, 195, 268, 253, 144, 154, 142, 164, 374, 94, 83, 119, 178, 189, 136, 128, 118, 78, 87, 108, 43, 66, 56, 92, 125, 364, 121, 206, 175, 160, 166, 98, 130, 71, 73, 134, 184, 202, 193, 131, 96, 146, 97, 95, 66, 128, 58, 67, 150, 190, 288, 140, 197, 178, 137, 63, 89, 56, 79, 88, 135, 202, 198, 157, 82, 165, 74, 179, 119, 179, 182, 118, 203, 226, 127, 163, 77, 52, 105, 87, 54, 141, 52, 117, 112, 132, 135, 103, 84, 108, 96, 128, 64, 85, 92, 172, 104, 100, 105, 135, 148, 122, 98, 49, 46, 44, 42, 99, 72, 124, 129, 132, 111, 75, 109, 68, 82, 63, 78, 77, 133, 105, 143, 82, 155, 72, 97, 64, 38, 42, 53, 90, 113, 149, 107, 163, 129, 54, 115, 58, 37, 31, 124, 185, 135, 107, 149, 116, 85, 65, 89, 62, 195, 62, 79, 170, 115, 106, 226, 144, 139, 162, 82, 62, 38, 39, 48, 69, 146, 149, 120, 70, 77, 85, 156, 82, 38, 101, 42, 68, 80, 89, 63, 65, 36, 56, 55, 66, 31, 43, 60, 57, 166, 118, 80, 154, 67, 97, 104, 46, 63, 104, 53, 82, 121, 96, 170, 106, 116, 54, 145, 66, 65, 99, 118, 49, 115, 102, 112, 73, 137, 68, 118, 87, 62, 115, 81, 24, 48, 91, 126, 52, 65, 163, 102, 41, 29, 101, 52, 37, 62, 56, 94, 83, 53, 54, 29, 45, 28, 16, 58, 62, 72, 56, 67, 251, 103, 43, 43, 39, 23, 45, 39, 30, 58, 39), N=384)

