#########################################################################
model{
	C <- 100000
	# Truco de los ceros
	for (i in 1:N){
		zeroY[i] <- 0
		zeroZ[i] <- 0
		zeroT[i] <- 0
		
		zeroY[i] ~ dpois(phiY[i])
		zeroZ[i] ~ dpois(phiZ[i])
		zeroT[i] ~ dpois(phiT[i])
		
		# Distribuciones
		u[i] <- exp(-pow(y[i]/sY, -alphaY)) # Acumulada Y
		v[i] <- exp(-pow(z[i]/sZ, -alphaZ)) # Acumulada Z
		
		# Densidades
		fY[i] <- (alphaY / sY) * pow(y[i]/sY , -alphaY - 1) * u[i]
		fZ[i] <- (alphaZ / sZ) * pow(z[i]/sZ , -alphaZ - 1) * v[i]
		
		# Gumbel-Hougaard
		CYZ[i] <- pow(-log(u[i]), theta-1) * pow(-log(v[i]), theta-1) * (1/(u[i]*v[i])) * exp(-pow(pow(-log(u[i]),theta) + pow(-log(v[i]), theta),1/theta)) * (pow(pow(-log(u[i]),theta) + pow(-log(v[i]), theta), 2/theta-2) + (theta-1)*pow(pow(-log(u[i]),theta) + pow(-log(v[i]), theta), 1/theta-2))
		
		phiY[i] <- -log(fY[i]) + C
		phiZ[i] <- -log(fZ[i]) + C
		phiT[i] <- -log(fY[i] * fZ[i] * CYZ[i]) + C
	}

	# Aprioris PM10
	alphaY ~  dunif(0,10) 
	sY ~ dunif(0,250)

	# Aprioris O3
	alphaZ ~  dunif(0,10) 
	sZ ~ dunif(0,200) 
	
	# Apriori de la theta Gumbel-Hougaard
	theta ~ dunif(1,15)
}

data
list(y=c(407, 759, 782, 554, 461, 523, 151, 288, 155, 187, 216, 242, 404, 458, 492, 863, 689, 577, 593, 212, 170, 235, 283, 616, 447, 912, 697, 315, 366, 252, 469, 249, 208, 498, 174, 219, 323, 342, 336, 399, 726, 375, 489, 288, 165, 180, 280, 317, 303, 512, 686, 474, 355, 254, 86, 118, 142, 161, 205, 201, 243, 419, 297, 623, 164, 197, 417, 266, 356, 268, 395, 287, 297, 710, 758, 721, 367, 312, 220, 193, 203, 372, 197, 447, 432, 535, 323, 312, 339, 198, 100, 96, 102, 135, 171, 231, 351, 268, 828, 344, 510, 219, 200, 235, 300, 252, 230, 346, 218, 291, 733, 225, 265, 191, 182, 190, 122, 261, 216, 248, 238, 329, 357, 415, 374, 257, 253, 129, 193, 152, 165, 191, 504, 276, 613, 664, 147, 152, 120, 189, 101, 165, 151, 168, 230, 202, 346, 157, 146, 212, 98, 177, 188, 325, 186, 195, 216, 299, 314, 342, 239, 267, 136, 174, 124, 146, 215, 376, 572, 336, 378, 405, 331, 216, 183, 164, 120, 171, 176, 305, 283, 211, 433, 241, 264, 304, 145, 126, 174, 230, 326, 272, 317, 240, 456, 451, 348, 357, 145, 139, 198, 198, 252, 462, 322, 183, 256, 193, 253, 322, 107, 122, 165, 285, 163, 400, 386, 303, 498, 311, 463, 237, 198, 172, 171, 275, 276, 328, 310, 314, 387, 255, 186, 205, 204, 292, 259, 281, 305, 321, 319, 427, 286, 262, 205, 223, 175, 191, 156, 283, 299, 309, 291, 262, 302, 279, 368, 192, 281, 220, 180, 283, 205, 335, 352, 296, 251, 290, 299, 186, 192, 171, 246, 243, 239, 410, 332, 373, 311, 198, 262, 276, 194, 124, 200, 175, 215, 268, 240, 260, 245, 282, 411, 180, 157, 150, 164, 169, 176, 264, 245, 194, 598, 452, 387, 288, 235, 128, 140, 214, 268, 211, 661, 229, 809, 505, 448, 173, 166, 152, 151, 240, 162, 460), z=c(284, 264, 249, 263, 294, 260, 225, 249, 266, 238, 292, 272, 317, 255, 239, 226, 232, 224, 247, 270, 245, 280, 223, 270, 227, 262, 213, 265, 238, 253, 237, 237, 318, 294, 281, 263, 255, 242, 286, 262, 243, 274, 258, 268, 263, 251, 282, 309, 277, 264, 284, 264, 237, 171, 227, 236, 170, 251, 201, 259, 214, 205, 235, 224, 239, 221, 224, 164, 212, 202, 231, 218, 271, 242, 228, 232, 214, 244, 219, 204, 197, 202, 196, 164, 218, 215, 238, 235, 206, 160, 170, 188, 196, 173, 165, 247, 165, 209, 188, 243, 213, 207, 188, 184, 172, 175, 187, 176, 148, 193, 171, 190, 212, 182, 201, 154, 158, 163, 156, 170, 154, 162, 153, 187, 174, 132, 137, 153, 168, 132, 184, 141, 135, 173, 185, 186, 211, 160, 132, 152, 172, 151, 169, 124, 145, 152, 175, 188, 168, 171, 151, 123, 132, 152, 110, 168, 133, 131, 164, 189, 185, 136, 122, 136, 179, 123, 129, 158, 161, 179, 174, 150, 156, 152, 133, 129, 124, 157, 165, 142, 145, 152, 156, 147, 201, 171, 130, 132, 128, 153, 165, 108, 98, 134, 164, 139, 152, 140, 125, 139, 140, 128, 177, 141, 114, 119, 172, 124, 140, 139, 124, 110, 122, 123, 148, 141, 126, 118, 136, 163, 153, 113, 103, 134, 111, 141, 97, 122, 114, 175, 171, 144, 138, 140, 130, 115, 106, 107, 112, 124, 122, 106, 145, 158, 153, 127, 119, 121, 131, 174, 111, 128, 122, 147, 185, 152, 174, 119, 133, 125, 109, 94, 110, 105, 137, 138, 114, 156, 161, 124, 113, 108, 145, 118, 115, 115, 115, 125, 131, 120, 126, 149, 117, 112, 115, 119, 145, 145, 119, 137, 159, 158, 153, 127, 114, 123, 115, 107, 101, 118, 112, 126, 122, 137, 136, 125, 115, 105, 108, 132, 116, 107, 115, 141, 127, 160, 124, 125, 111, 113, 126, 127, 100, 131), N=324)

inits
list(alphaY = 2.58, sY = 110.64, alphaZ = 2.48, sZ = 171.20, theta = 2.55)
list(alphaY = 1.16, sY = 135.16, alphaZ = 3.69, sZ = 156.27, theta = 5.01)
list(alphaY = 2.03, sY = 129.13, alphaZ = 4.89, sZ = 166.00, theta = 3.56)
list(alphaY = 2.67, sY = 119.94, alphaZ = 5.54, sZ = 140.22, theta = 1.82)
list(alphaY = 1.94, sY = 123.24, alphaZ = 5.38, sZ = 133.79, theta = 1.23)