#########################################################################
model{
	# Truco de los ceros
	for (i in 1:N){
		y[i] ~ dweib(alphaY,bY)
	}
	# Aprioris CO
	alphaY ~  dunif(0,10)
	bY ~ dunif(0,10)
	# Estimaciones derivadas
	kY <- pow(bY, -1/alphaY)
}

data
list(y=c(22.90, 25.30, 26.20, 21.60, 20.60, 9.80, 17.80, 15.70, 13.40, 17.10, 23.20, 31.50, 27.80, 18.80, 24.10, 18.40, 16.40, 13.40, 16.10, 16.00, 14.20, 19.00, 17.10, 19.90, 24.80, 23.30, 20.00, 16.70, 16.20, 12.30, 18.00, 10.90, 11.50, 14.00, 20.20, 22.60, 24.00, 22.10, 18.30, 13.70, 12.80, 12.00, 9.70, 7.70, 9.50, 10.70, 12.00, 24.20, 24.50, 18.40, 17.50, 19.30, 12.80, 11.60, 11.70, 14.10, 10.20, 12.90, 21.00, 23.80, 20.00, 19.30, 16.30, 14.00, 11.00, 9.00, 10.20, 11.40, 9.90, 11.00, 16.50, 19.30, 21.20, 17.50, 13.60, 16.00, 13.80, 10.50, 8.70, 10.80, 13.40, 13.70, 19.80, 21.70, 19.00, 16.90, 18.40, 22.60, 16.90, 13.90, 9.60, 9.90, 9.70, 13.30, 10.50, 12.20, 20.20, 18.60, 18.10, 12.40, 16.10, 10.60, 8.20, 12.60, 12.20, 15.90, 9.20, 22.00, 16.50, 15.30, 13.90, 13.10, 16.50, 7.50, 8.90, 9.20, 8.60, 7.70, 10.00, 13.20, 14.20, 13.20, 12.90, 13.70, 12.70, 8.90, 8.60, 10.50, 8.10, 10.20, 14.00, 19.60, 18.60, 19.50, 14.10, 12.70, 12.20, 8.40, 7.20, 12.10, 8.80, 9.50, 16.30, 11.00, 11.00, 11.30, 16.00, 8.70, 9.80, 6.20, 6.70, 6.80, 6.20, 7.90, 12.10, 10.40, 11.30, 13.90, 10.90, 12.50, 7.70, 8.30, 7.70, 6.20, 6.00, 7.20, 9.30, 12.70, 11.20, 9.70, 8.80, 8.20, 10.30, 7.30, 4.60, 5.30, 7.30, 7.50, 9.50, 9.90, 11.10, 10.30, 10.80, 9.20, 7.70, 6.20, 7.30, 6.30, 5.10, 9.00, 9.00, 10.40, 9.40, 11.40, 7.30, 6.90, 6.60, 3.80, 5.20, 4.60, 5.30, 6.00, 6.10, 11.70, 7.10, 9.70, 6.60, 6.80, 6.30, 4.20, 3.80, 3.90, 3.90, 6.00, 5.80, 6.50, 6.80, 7.40, 7.00, 6.70, 4.90, 4.00, 3.90, 5.00, 2.90, 5.70, 5.70, 6.60, 7.80, 8.60, 4.80, 5.60, 4.70, 3.80, 4.20, 3.00, 4.00, 3.70, 4.20, 7.90, 7.50, 6.80, 5.70, 6.10, 5.50, 4.00, 3.90, 3.80, 4.70, 5.20, 5.30, 11.30, 7.80, 5.40, 5.30, 6.30, 3.90, 3.70, 3.20, 3.40, 4.10, 6.80, 5.60, 6.70, 7.40, 5.80, 6.00, 7.50, 5.20, 4.80, 3.20, 5.40, 5.70, 5.10, 6.40, 7.70, 6.10, 8.10, 5.50, 7.70, 4.80, 3.50, 2.90, 3.40, 5.20, 3.70, 5.20, 6.30, 6.20, 6.30, 4.30, 5.90, 4.90, 3.60, 3.50, 4.30, 3.60, 6.20, 4.40, 6.30, 7.80, 5.10, 4.60, 5.70, 6.00, 3.50, 3.80, 3.60, 3.10, 3.80, 5.40, 5.50, 10.00, 8.30, 5.10, 5.00, 5.50, 4.30, 3.10, 3.00, 2.70, 3.40, 5.50, 4.60, 5.80, 5.20, 4.60, 7.80, 5.70, 2.80, 3.50, 3.90, 3.30, 3.30, 3.70, 6.00, 5.40, 4.70, 4.80, 3.70, 3.20, 2.00, 2.50, 2.10, 3.10, 3.40, 3.90, 4.40, 4.50, 5.20, 4.70, 3.70, 4.00, 2.50, 2.40, 2.00, 2.40, 2.80, 3.90, 4.10, 4.60, 4.00, 2.70, 2.00, 2.50, 1.40, 1.50, 1.60, 1.50, 2.80, 3.10, 4.10, 3.35, 4.66, 2.95, 3.08, 1.78, 1.94, 2.05, 1.98, 1.94, 3.35, 2.49, 3.74), N=384)