#########################################################################
model{
	# Truco de los ceros
	for (i in 1:N){
		y[i] ~ dweib(alphaY,bY)
	}
	# Aprioris NO2
	alphaY ~  dunif(0,10)
	bY ~ dunif(0,10)
	# Estimaciones derivadas
	kY <- pow(bY, -1/alphaY)
}

data
list(y=c(87, 96, 92, 101, 109, 52, 47, 113, 51, 101, 124, 175, 139, 155, 241, 136, 152, 108, 116, 142, 170, 136, 145, 131, 97, 161, 110, 118, 132, 97, 151, 84, 146, 170, 185, 192, 142, 131, 260, 151, 144, 147, 131, 120, 95, 137, 75, 175, 158, 178, 124, 134, 114, 124, 92, 81, 107, 120, 156, 154, 167, 141, 117, 84, 98, 62, 103, 77, 91, 156, 177, 279, 230, 393, 324, 141, 116, 92, 83, 82, 145, 168, 182, 185, 143, 115, 157, 128, 164, 106, 99, 130, 128, 165, 222, 190, 136, 202, 162, 152, 132, 66, 58, 57, 69, 66, 64, 125, 160, 112, 86, 75, 62, 54, 111, 81, 107, 93, 96, 221, 298, 242, 230, 216, 186, 84, 64, 58, 121, 120, 154, 164, 169, 130, 126, 128, 141, 69, 82, 130, 103, 121, 126, 148, 137, 124, 151, 110, 139, 110, 79, 99, 75, 112, 114, 128, 131, 118, 122, 158, 108, 91, 87, 82, 69, 102, 180, 182, 130, 130, 109, 117, 122, 111, 83, 79, 91, 79, 135, 166, 154, 147, 120, 111, 110, 87, 78, 87, 84, 136, 110, 136, 152, 112, 127, 144, 88, 75, 126, 78, 89, 129, 119, 142, 89, 136, 95, 94, 106, 106, 76, 75, 78, 112, 132, 137, 116, 101, 104, 87, 89, 65, 59, 92, 79, 105, 110, 158, 124, 154, 111, 89, 84, 70, 86, 53, 63, 89, 111, 119, 131, 105, 102, 104, 109, 93, 60, 68, 74, 128, 122, 133, 121, 110, 120, 84, 90, 68, 80, 64, 101, 125, 128, 183, 128, 120, 137, 134, 139, 93, 67, 80, 88, 144, 131, 165, 126, 152, 190, 117, 126, 91, 81, 70, 79, 86, 113, 143, 103, 114, 95, 96, 88, 78, 76, 68, 85, 122, 87, 114, 106, 88, 77, 78, 90, 80, 94, 84, 73, 97, 87, 111, 116, 111, 91, 106, 113, 77, 78, 76, 60, 74, 113, 88, 112, 90, 90, 102, 85, 88, 79, 74, 91, 82, 107, 129, 116, 88, 87, 88, 109, 69, 63, 60, 77, 75, 89, 103, 88, 96, 89, 73, 82, 77, 59, 61, 60, 64, 100, 104, 85, 93, 84, 51, 64, 45, 50, 58, 50, 66, 83, 77, 76, 81, 98, 76, 52, 65, 65, 60, 66, 71, 71, 92), N=384)