#########################################################################
model{
	C <- 100000
	for (i in 1:N){
		z[i] ~ dweib(alphaZ, bZ)
	}
	# Truco de los ceros
	for (i in 1:N){
		zeroY[i] <- 0
		zeroT[i] <- 0
		
		zeroY[i] ~ dpois(phiY[i])
		zeroT[i] ~ dpois(phiT[i])
		
		# Distribuciones
		u[i] <- exp(-pow(y[i]/sY, -alphaY)) # Acumulada Y
		v[i] <- 1 - exp(-bZ * pow(z[i] , alphaZ)) # Acumulada Z
		
		# Densidades
		fY[i] <- (alphaY / sY) * pow(y[i]/sY , -alphaY - 1) * u[i] # Densidad Y
		fZ[i] <- bZ * alphaZ * pow(z[i] , alphaZ - 1) * exp(-bZ * pow( z[i] , alphaZ)) # Densidad Z
		
		# Gumbel-Hougaard
		CYZ[i] <- pow(-log(u[i]), theta-1) * pow(-log(v[i]), theta-1) * (1/(u[i]*v[i])) * exp(-pow(pow(-log(u[i]),theta) + pow(-log(v[i]), theta),1/theta)) * (pow(pow(-log(u[i]),theta) + pow(-log(v[i]), theta), 2/theta-2) + (theta-1)*pow(pow(-log(u[i]),theta) + pow(-log(v[i]), theta), 1/theta-2))
		
		phiY[i] <- -log(fY[i]) + C
		phiT[i] <- -log(fY[i] * fZ[i] * CYZ[i]) + C
	}

	# Aprioris SO2
	alphaY ~  dunif(0,10)
	sY ~ dunif(0,200)

	# Aprioris O3
	alphaZ ~  dunif(0,10)
	bZ ~ dunif(0,10)
	kZ <- pow(bZ, -1/alphaZ)
	
	# Apriori de la theta Gumbel-Hougaard
	theta ~ dunif(1,15)
}

data
list(y=c(237, 223, 242, 185, 216, 219, 285, 446, 442, 342, 435, 248, 164, 151, 200, 113, 163, 152, 189, 139, 121, 123, 139, 181, 328, 248, 209, 251, 117, 121, 181, 153, 103, 225, 365, 190, 196, 122, 90, 107, 96, 99, 68, 138, 115, 176, 156, 181, 221, 190, 164, 267, 239, 163, 176, 116, 197, 157, 181, 158, 204, 196, 240, 212, 110, 181, 73, 103, 145, 147, 179, 127, 252, 212, 224, 230, 191, 192, 152, 139, 151, 207, 245, 219, 200, 206, 250, 156, 131, 147, 186, 204, 202, 167, 150, 257, 212, 118, 331, 342, 249, 172, 163, 176, 102, 216, 146, 228, 288, 239, 132, 202, 137, 137, 220, 158, 85, 221, 238, 197, 300, 226, 155, 279, 206, 145, 250, 89, 109, 220, 195, 411, 498, 418, 361, 351, 340, 214, 227, 373, 77, 157, 186, 481, 168, 386, 377, 231, 228, 153, 126, 125, 134, 148, 256, 335, 282, 344, 237, 271, 205, 235, 132, 206, 156, 126, 198, 283, 405, 261, 244, 276, 366, 116, 135, 91, 209, 201, 219, 234, 257, 365, 202, 303, 155, 223, 301, 216, 227, 160, 379, 296, 253, 369, 226, 179, 125, 154, 112, 212, 158, 201, 224, 187, 278, 251, 211, 203, 174, 206, 122, 159, 156, 221, 176, 266, 251, 357, 198, 218, 105, 98, 198, 185, 140, 167, 142, 260, 207, 206, 130, 127, 123, 125, 175, 139, 103, 124, 179, 100, 260, 216, 344, 103, 180, 175, 97, 83, 61, 126, 248, 283, 224, 154, 108, 68, 233, 168, 88, 125, 134, 176, 261, 299, 243, 174, 196, 154, 181, 88, 180, 87, 126, 127, 171, 198, 261, 223, 274, 320, 266, 116, 100, 105, 76, 117, 348, 304, 220, 170, 132, 171, 214, 152, 120, 116, 247, 217, 148, 135, 113, 172, 73, 146, 65, 94, 56, 138, 87, 158, 299, 158, 141, 240, 193, 148, 62, 119, 94, 77, 67, 153, 211, 122, 400, 148, 220, 78, 158, 103, 168, 172, 179, 117, 332, 136, 354, 151, 236, 140, 182, 128, 156, 232, 154, 60, 71, 307, 148, 60, 174, 168, 106, 54, 87, 121, 192, 95, 158, 154, 146, 142, 71, 83, 65, 139, 50, 44, 115, 136, 102, 82, 131, 179, 257, 80, 58, 71, 113, 47, 97, 58, 217, 74), z=c(180, 286, 209, 224, 239, 201, 250, 237, 221, 275, 242, 301, 283, 289, 373, 271, 310, 213, 267, 295, 304, 354, 318, 308, 284, 407, 315, 294, 299, 255, 245, 287, 209, 270, 272, 355, 253, 313, 246, 237, 271, 263, 247, 236, 324, 305, 286, 349, 276, 287, 274, 261, 301, 287, 249, 279, 237, 283, 255, 289, 284, 264, 249, 263, 294, 260, 225, 249, 266, 238, 292, 272, 317, 255, 239, 226, 232, 224, 247, 270, 245, 280, 223, 270, 227, 262, 213, 265, 238, 253, 237, 237, 318, 294, 281, 263, 255, 242, 286, 262, 243, 274, 258, 268, 263, 251, 282, 309, 277, 264, 284, 264, 237, 171, 227, 236, 170, 251, 201, 259, 214, 205, 235, 224, 239, 221, 224, 164, 212, 202, 231, 218, 271, 242, 228, 232, 214, 244, 219, 204, 197, 202, 196, 164, 218, 215, 238, 235, 206, 160, 170, 188, 196, 173, 165, 247, 165, 209, 188, 243, 213, 207, 188, 184, 172, 175, 187, 176, 148, 193, 171, 190, 212, 182, 201, 154, 158, 163, 156, 170, 154, 162, 153, 187, 174, 132, 137, 153, 168, 132, 184, 141, 135, 173, 185, 186, 211, 160, 132, 152, 172, 151, 169, 124, 145, 152, 175, 188, 168, 171, 151, 123, 132, 152, 110, 168, 133, 131, 164, 189, 185, 136, 122, 136, 179, 123, 129, 158, 161, 179, 174, 150, 156, 152, 133, 129, 124, 157, 165, 142, 145, 152, 156, 147, 201, 171, 130, 132, 128, 153, 165, 108, 98, 134, 164, 139, 152, 140, 125, 139, 140, 128, 177, 141, 114, 119, 172, 124, 140, 139, 124, 110, 122, 123, 148, 141, 126, 118, 136, 163, 153, 113, 103, 134, 111, 141, 97, 122, 114, 175, 171, 144, 138, 140, 130, 115, 106, 107, 112, 124, 122, 106, 145, 158, 153, 127, 119, 121, 131, 174, 111, 128, 122, 147, 185, 152, 174, 119, 133, 125, 109, 94, 110, 105, 137, 138, 114, 156, 161, 124, 113, 108, 145, 118, 115, 115, 115, 125, 131, 120, 126, 149, 117, 112, 115, 119, 145, 145, 119, 137, 159, 158, 153, 127, 114, 123, 115, 107, 101, 118, 112, 126, 122, 137, 136, 125, 115, 105, 108, 132, 116, 107, 115, 141, 127, 160, 124, 125, 111, 113, 126, 127, 100, 131), N=384)

inits
list(alphaY = 2.08, sY = 134.64, alphaZ = 2.89, bZ = 1.71E-7, theta = 1.81)
list(alphaY = 2.06, sY = 120.16, alphaZ = 2.92, bZ = 1.56E-7, theta = 1.21)
list(alphaY = 2.03, sY = 129.13, alphaZ = 2.84, bZ = 2.29E-8, theta = 1.56)