#########################################################################
model{
	C <- 100000
	# Truco de los ceros
	for (i in 1:N){
		zY[i] <- 0
		zY[i] ~ dpois(phi[i])
		fY[i] <- (alphaY / sY) * pow(y[i]/sY , -alphaY - 1) * exp(-pow(y[i]/sY , -alphaY))
		phi[i] <- -log(fY[i]) + C
	}
	# Aprioris NO2
	alphaY ~  dunif(0,10)
	sY ~ dunif(0,150)
}

data
list(y=c(130, 200, 198, 118, 107, 98, 91, 126, 100, 84, 96, 145, 219, 189, 211, 206, 220, 159, 127, 97, 182, 211, 238, 135, 149, 211, 240, 152, 114, 118, 107, 117, 159, 207, 200, 243, 135, 208, 75, 164, 156, 175, 116, 112, 84, 106, 310, 191, 188, 119, 131, 123, 173, 115, 111, 98, 105, 94, 130, 165, 159, 248, 169, 128, 132, 180, 141, 118, 135, 213, 220, 296, 351, 263, 195, 204, 154, 151, 132, 154, 142, 172, 217, 234, 231, 199, 212, 185, 185, 163, 59, 117, 130, 225, 240, 198, 208, 253, 191, 159, 268, 133, 129, 134, 123, 154, 166, 251, 175, 151, 152, 165, 123, 105, 163, 107, 187, 171, 182, 181, 304, 257, 275, 156, 142, 106, 90, 79, 125, 193, 153, 202, 198, 152, 130, 129, 119, 99, 74, 96, 107, 135, 154, 157, 162, 150, 119, 141, 136, 102, 106, 98, 113, 145, 176, 208, 183, 179, 155, 229, 141, 126, 144, 126, 126, 145, 161, 202, 155, 173, 138, 157, 163, 123, 95, 105, 129, 161, 213, 186, 239, 166, 144, 148, 142, 119, 101, 123, 110, 136, 138, 180, 189, 131, 145, 145, 132, 119, 108, 114, 94, 131, 149, 169, 124, 148, 132, 119, 114, 106, 104, 87, 107, 125, 146, 168, 152, 133, 116, 151, 123, 93, 110, 99, 100, 130, 119, 152, 138, 145, 122, 109, 96, 90, 95, 83, 65, 92, 88, 116, 116, 110, 134, 98, 110, 114, 78, 75, 85, 122, 137, 147, 129, 98, 106, 85, 87, 80, 83, 60, 80, 116, 101, 147, 87, 73, 96, 97, 104, 78, 68, 72, 82, 110, 132, 111, 108, 120, 94, 86, 102, 86, 74, 77, 67, 89, 112, 134, 100, 96, 91, 95, 98, 72, 68, 69, 59, 86, 88, 104, 91, 87, 81, 84, 79, 78, 89, 79, 78, 99, 79, 111, 113, 131, 99, 75, 81, 86, 69, 93, 58, 76, 110, 95, 97, 89, 69, 100, 79, 66, 74, 59, 67, 77, 102, 117, 99, 88, 91, 74, 110, 77, 58, 65, 62, 54, 87, 94, 83, 91, 86, 71, 84, 62, 64, 55, 60, 61, 79, 101, 115, 92, 82, 56, 57, 43, 57, 44, 58, 73, 103, 82, 86, 99, 85, 86, 55, 60, 71, 53, 62, 80, 80, 121), N=384)

list(alphaY=2.84, sY=100.1)
list(alphaY=3.54, sY=95.3)
list(alphaY=1.83, sY=85.9)
list(alphaY=2.21, sY=121.6)
list(alphaY=2.21, sY=113.7)