#########################################################################
model{
	# Truco de los ceros
	for (i in 1:N){
		y[i] ~ dweib(alphaY,bY)
	}
	# Aprioris CO
	alphaY ~  dunif(0,10)
	bY ~ dunif(0,10)
	# Estimaciones derivadas
	kY <- pow(bY, -1/alphaY)
}

data
list(y=c(21.00, 27.60, 22.90, 25.00, 24.40, 22.70, 23.20, 25.20, 10.50, 30.10, 30.90, 35.40, 35.00, 31.50, 32.00, 31.40, 36.90, 36.30, 33.20, 22.60, 30.70, 27.90, 33.40, 26.00, 32.00, 28.50, 32.00, 30.70, 31.60, 32.40, 24.20, 22.80, 17.70, 22.60, 24.10, 24.70, 28.40, 32.60, 21.30, 17.20, 20.40, 19.80, 17.20, 17.60, 32.60, 30.40, 26.70, 29.30, 19.00, 14.90, 13.10, 11.10, 9.30, 9.70, 12.90, 15.60, 9.80, 13.80, 15.40, 17.50, 20.10, 16.00, 15.20, 9.00, 9.40, 7.40, 11.50, 12.20, 9.80, 9.70, 13.70, 14.60, 24.40, 17.50, 19.00, 20.00, 18.90, 9.90, 7.70, 8.70, 11.00, 15.10, 13.80, 16.10, 16.90, 11.90, 12.60, 16.10, 12.80, 9.60, 7.70, 8.30, 9.40, 11.80, 12.80, 12.80, 18.20, 15.70, 15.80, 14.00, 14.20, 10.70, 8.80, 9.50, 16.70, 18.00, 12.70, 20.70, 17.60, 14.20, 14.50, 15.40, 12.90, 8.50, 7.20, 7.50, 10.40, 10.60, 13.10, 15.20, 13.40, 13.40, 12.40, 12.60, 11.40, 11.50, 11.00, 11.20, 13.30, 14.20, 13.70, 13.70, 15.50, 13.60, 11.10, 10.80, 9.80, 8.30, 8.40, 11.00, 7.60, 8.40, 12.40, 12.30, 12.40, 10.40, 10.60, 10.40, 10.30, 7.00, 6.60, 5.00, 6.50, 9.10, 9.50, 10.80, 11.20, 10.20, 9.40, 10.20, 7.10, 6.50, 6.10, 5.70, 7.60, 7.00, 14.70, 9.30, 9.40, 9.40, 8.80, 8.00, 10.30, 7.20, 6.90, 6.70, 7.00, 8.60, 8.10, 9.00, 10.30, 10.70, 10.00, 9.20, 7.80, 6.00, 5.10, 5.30, 6.20, 7.60, 8.50, 8.30, 8.60, 11.10, 7.60, 7.30, 6.90, 4.20, 5.20, 4.90, 6.10, 6.90, 7.90, 7.20, 6.70, 7.30, 6.50, 6.70, 6.00, 4.60, 5.10, 5.80, 6.10, 6.20, 8.30, 7.60, 7.90, 6.70, 6.60, 6.10, 5.70, 4.40, 4.00, 4.80, 5.20, 5.40, 7.30, 6.70, 7.00, 7.50, 6.20, 6.40, 4.70, 4.10, 3.30, 3.90, 5.40, 4.50, 4.70, 6.10, 6.60, 5.60, 5.00, 5.60, 5.10, 4.50, 3.40, 4.80, 5.00, 5.60, 6.10, 6.60, 4.90, 5.80, 5.50, 5.10, 4.90, 4.40, 3.40, 3.90, 4.60, 6.60, 4.30, 4.80, 5.80, 5.20, 4.90, 6.90, 4.10, 3.60, 3.40, 4.00, 4.00, 5.00, 4.00, 5.00, 4.50, 6.20, 5.70, 4.50, 5.00, 2.70, 2.90, 3.70, 4.40, 4.10, 4.20, 4.70, 5.40, 5.20, 5.50, 5.00, 4.90, 2.90, 3.40, 3.90, 3.90, 4.10, 4.30, 4.10, 4.40, 4.30, 3.80, 4.40, 3.60, 2.50, 3.60, 3.90, 4.00, 3.90, 4.90, 5.20, 6.30, 5.00, 4.50, 4.60, 4.30, 3.20, 2.90, 3.10, 2.80, 4.10, 4.50, 3.90, 5.00, 4.20, 3.70, 4.10, 3.10, 2.30, 2.50, 3.00, 2.90, 3.30, 3.50, 4.20, 3.90, 3.80, 3.30, 2.70, 2.90, 1.90, 1.50, 2.60, 2.30, 3.60, 3.40, 2.80, 3.60, 3.90, 2.50, 3.40, 3.00, 1.90, 1.90, 3.10, 3.40, 3.20, 3.00, 3.20, 3.10, 3.60, 3.50, 1.50, 1.60, 1.70, 1.80, 1.50, 1.50, 1.80, 2.20, 2.80, 2.74, 2.84, 2.81, 2.83, 2.22, 1.84, 2.40, 2.13, 2.45, 2.75, 2.31, 3.17), N=384)