#########################################################################
model{
	# Truco de los ceros
	for (i in 1:N){
		z[i] ~ dweib(alphaZ,bZ)
	}
	# Aprioris O3
	alphaZ ~  dunif(0,10)
	bZ ~ dunif(0,10)
	# Estimaciones derivadas
	kZ <- pow(bZ, -1/alphaZ)
}

data
list(z=c(209, 237, 249, 319, 271, 193, 186, 245, 211, 221, 237, 380, 377, 293, 294, 247, 361, 297, 319, 300, 293, 247, 279, 303, 324, 298, 353, 241, 259, 321, 261, 284, 224, 274, 271, 393, 285, 335, 277, 240, 235, 220, 236, 210, 221, 222, 283, 239, 246, 245, 238, 251, 285, 248, 247, 250, 226, 259, 246, 259, 250, 246, 264, 242, 277, 345, 292, 274, 284, 285, 227, 261, 278, 258, 202, 219, 245, 221, 220, 221, 279, 272, 209, 229, 264, 244, 219, 277, 243, 259, 261, 262, 258, 224, 287, 229, 207, 217, 215, 230, 268, 256, 218, 206, 235, 269, 208, 232, 219, 226, 266, 279, 214, 265, 234, 224, 214, 257, 223, 222, 193, 231, 208, 218, 239, 195, 233, 176, 247, 247, 226, 224, 198, 187, 207, 184, 256, 227, 228, 231, 198, 224, 182, 185, 220, 167, 207, 211, 197, 182, 185, 219, 218, 183, 176, 217, 186, 213, 198, 209, 230, 213, 182, 170, 188, 190, 176, 168, 152, 186, 160, 188, 213, 177, 193, 160, 160, 172, 156, 187, 187, 181, 146, 196, 170, 158, 148, 146, 163, 144, 169, 149, 133, 150, 158, 181, 164, 152, 139, 139, 163, 129, 127, 105, 141, 134, 158, 171, 164, 156, 149, 120, 134, 129, 130, 153, 154, 134, 141, 160, 184, 132, 117, 153, 142, 112, 135, 144, 148, 185, 172, 140, 157, 155, 133, 113, 141, 148, 125, 121, 139, 136, 154, 156, 166, 170, 125, 133, 111, 148, 149, 129, 106, 127, 158, 150, 166, 150, 112, 120, 124, 130, 143, 142, 119, 117, 165, 132, 153, 128, 126, 109, 125, 114, 172, 130, 115, 121, 126, 175, 174, 139, 120, 143, 120, 138, 111, 109, 114, 151, 161, 156, 128, 136, 106, 112, 125, 118, 118, 121, 121, 139, 151, 153, 160, 146, 136, 141, 138, 145, 125, 135, 129, 154, 190, 159, 165, 154, 141, 138, 121, 131, 102, 110, 136, 144, 120, 143, 190, 143, 142, 127, 146, 134, 119, 113, 116, 132, 136, 140, 179, 150, 126, 122, 130, 131, 135, 121, 115, 123, 139, 155, 133, 139, 119, 136, 123, 112, 102, 106, 97, 123, 135, 150, 147, 127, 126, 107, 112, 136, 145, 98, 110, 145, 136, 147, 154, 148, 142, 123, 137, 129, 119, 145), N=384)

