#########################################################################
model{
	C <- 100000
	# Truco de los ceros
	for (i in 1:N){
		zeroY[i] <- 0
		zeroZ[i] <- 0
		zeroT[i] <- 0
		
		zeroY[i] ~ dpois(phiY[i])
		zeroZ[i] ~ dpois(phiZ[i])
		zeroT[i] ~ dpois(phiT[i])
		
		# Distribuciones
		u[i] <- exp(-pow(y[i]/sY, -alphaY)) # Acumulada Y
		v[i] <- exp(-pow(z[i]/sZ, -alphaZ)) # Acumulada Z
		
		# Densidades
		fY[i] <- (alphaY / sY) * pow(y[i]/sY , -alphaY - 1) * u[i]
		fZ[i] <- (alphaZ / sZ) * pow(z[i]/sZ , -alphaZ - 1) * v[i]
		
		# Gumbel-Hougaard
		CYZ[i] <- pow(-log(u[i]), theta-1) * pow(-log(v[i]), theta-1) * (1/(u[i]*v[i])) * exp(-pow(pow(-log(u[i]),theta) + pow(-log(v[i]), theta),1/theta)) * (pow(pow(-log(u[i]),theta) + pow(-log(v[i]), theta), 2/theta-2) + (theta-1)*pow(pow(-log(u[i]),theta) + pow(-log(v[i]), theta), 1/theta-2))
		
		phiY[i] <- -log(fY[i]) + C
		phiZ[i] <- -log(fZ[i]) + C
		phiT[i] <- -log(fY[i] * fZ[i] * CYZ[i]) + C
	}

	# Aprioris SO2
	alphaY ~  dunif(0,10) 
	sY ~ dunif(0,100)

	# Aprioris O3
	alphaZ ~  dunif(0,10) 
	sZ ~ dunif(0,200) 
	
	# Apriori de la theta Gumbel-Hougaard
	theta ~ dunif(1,15)
}

data
list(X1=c(292, 227, 198, 172, 191, 182, 167, 161, 129, 192, 252, 263, 231, 205, 201, 135, 187, 141, 220, 231, 406, 196, 224, 237, 243, 237, 327, 108, 88, 106, 132, 101, 64, 220, 152, 127, 181, 109, 79, 75, 128, 77, 55, 61, 73, 125, 208, 161, 183, 140, 171, 124, 85, 194, 75, 99, 139, 140, 117, 94, 190, 112, 163, 113, 66, 118, 47, 80, 345, 117, 107, 108, 137, 143, 278, 72, 107, 117, 170, 169, 176, 110, 204, 215, 109, 118, 107, 86, 94, 99, 51, 118, 114, 132, 110, 142, 144, 85, 220, 169, 113, 141, 93, 100, 95, 95, 137, 177, 123, 99, 83, 117, 54, 64, 73, 101, 80, 231, 197, 195, 268, 253, 144, 154, 142, 164, 374, 94, 83, 119, 178, 189, 136, 128, 118, 78, 87, 108, 43, 66, 56, 92, 125, 364, 121, 206, 175, 160, 166, 98, 130, 71, 73, 134, 184, 202, 193, 131, 96, 146, 97, 95, 66, 128, 58, 67, 150, 190, 288, 140, 197, 178, 137, 63, 89, 56, 79, 88, 135, 202, 198, 157, 82, 165, 74, 179, 119, 179, 182, 118, 203, 226, 127, 163, 77, 52, 105, 87, 54, 141, 52, 117, 112, 132, 135, 103, 84, 108, 96, 128, 64, 85, 92, 172, 104, 100, 105, 135, 148, 122, 98, 49, 46, 44, 42, 99, 72, 124, 129, 132, 111, 75, 109, 68, 82, 63, 78, 77, 133, 105, 143, 82, 155, 72, 97, 64, 38, 42, 53, 90, 113, 149, 107, 163, 129, 54, 115, 58, 37, 31, 124, 185, 135, 107, 149, 116, 85, 65, 89, 62, 195, 62, 79, 170, 115, 106, 226, 144, 139, 162, 82, 62, 38, 39, 48, 69, 146, 149, 120, 70, 77, 85, 156, 82, 38, 101, 42, 68, 80, 89, 63, 65, 36, 56, 55, 66, 31, 43, 60, 57, 166, 118, 80, 154, 67, 97, 104, 46, 63, 104, 53, 82, 121, 96, 170, 106, 116, 54, 145, 66, 65, 99, 118, 49, 115, 102, 112, 73, 137, 68, 118, 87, 62, 115, 81, 24, 48, 91, 126, 52, 65, 163, 102, 41, 29, 101, 52, 37, 62, 56, 94, 83, 53, 54, 29, 45, 28, 16, 58, 62, 72, 56, 67, 251, 103, 43, 43, 39, 23, 45, 39, 30, 58, 39), X2=c(486, 493, 302, 329, 322, 180, 254, 365, 251, 284, 327, 351, 248, 294, 381, 309, 321, 283, 235, 254, 303, 273, 431, 296, 295, 233, 224, 212, 232, 202, 352, 145, 235, 218, 210, 302, 238, 131, 91, 139, 138, 207, 127, 172, 246, 233, 199, 301, 324, 203, 261, 233, 123, 143, 127, 103, 94, 178, 142, 143, 188, 181, 216, 179, 77, 195, 120, 112, 142, 257, 124, 126, 368, 189, 237, 139, 168, 153, 140, 193, 297, 139, 350, 313, 204, 198, 125, 136, 157, 101, 151, 197, 127, 171, 177, 178, 127, 103, 311, 308, 167, 127, 87, 164, 48, 106, 257, 234, 161, 201, 175, 89, 99, 137, 222, 171, 73, 210, 241, 193, 259, 142, 110, 166, 120, 180, 151, 84, 141, 166, 223, 422, 424, 257, 158, 177, 264, 233, 117, 123, 55, 159, 133, 305, 189, 272, 375, 179, 175, 110, 169, 207, 119, 134, 186, 323, 269, 161, 126, 277, 141, 325, 63, 98, 59, 96, 196, 183, 412, 308, 227, 194, 222, 154, 114, 157, 137, 238, 210, 384, 325, 250, 216, 419, 141, 222, 450, 365, 199, 142, 393, 275, 138, 274, 223, 246, 100, 193, 143, 168, 139, 139, 183, 213, 283, 228, 190, 229, 137, 146, 147, 131, 115, 225, 252, 140, 207, 236, 197, 293, 134, 107, 138, 114, 97, 146, 119, 102, 224, 340, 137, 83, 111, 168, 106, 152, 118, 76, 217, 87, 310, 136, 258, 99, 136, 132, 49, 86, 62, 129, 178, 160, 219, 271, 136, 276, 314, 132, 113, 92, 129, 195, 187, 299, 216, 120, 376, 124, 177, 80, 97, 79, 115, 150, 186, 233, 266, 152, 250, 240, 195, 217, 84, 33, 72, 135, 239, 334, 254, 115, 107, 266, 150, 105, 88, 119, 69, 163, 187, 183, 152, 114, 80, 123, 67, 105, 47, 73, 105, 61, 147, 175, 117, 269, 112, 149, 94, 120, 181, 83, 67, 147, 162, 145, 350, 136, 92, 64, 124, 111, 206, 142, 125, 109, 90, 153, 141, 95, 172, 137, 127, 97, 110, 125, 96, 58, 104, 188, 219, 68, 141, 208, 109, 81, 98, 126, 69, 99, 143, 186, 170, 165, 105, 147, 44, 102, 48, 79, 41, 109, 66, 111, 63, 206, 137, 46, 58, 58, 50, 44, 61, 59, 117, 77), X3=c(175, 256, 150, 121, 104, 114, 90, 95, 75, 143, 118, 114, 133, 133, 188, 139, 134, 116, 105, 121, 127, 125, 181, 155, 157, 140, 101, 91, 88, 98, 103, 84, 48, 102, 183, 206, 121, 102, 57, 63, 67, 55, 32, 32, 47, 61, 56, 93, 136, 78, 119, 77, 132, 100, 58, 78, 69, 135, 84, 102, 117, 130, 89, 93, 74, 61, 32, 77, 58, 95, 135, 84, 104, 85, 92, 58, 100, 79, 74, 67, 41, 73, 137, 66, 90, 86, 74, 64, 86, 70, 74, 64, 89, 141, 70, 97, 104, 43, 150, 144, 132, 108, 83, 88, 43, 105, 68, 91, 96, 109, 60, 94, 45, 98, 67, 53, 47, 107, 118, 66, 119, 95, 48, 155, 65, 63, 59, 39, 79, 136, 154, 142, 143, 129, 102, 71, 80, 73, 71, 61, 29, 155, 106, 386, 96, 102, 114, 104, 157, 92, 76, 66, 50, 38, 202, 130, 281, 140, 155, 80, 127, 101, 78, 87, 60, 62, 141, 162, 166, 138, 143, 94, 151, 41, 121, 55, 37, 60, 85, 85, 135, 119, 99, 130, 74, 102, 243, 93, 184, 76, 200, 238, 145, 114, 85, 41, 63, 59, 35, 65, 77, 90, 75, 63, 81, 58, 112, 47, 61, 71, 61, 38, 103, 129, 105, 68, 107, 118, 114, 110, 58, 30, 55, 59, 137, 139, 100, 129, 85, 134, 51, 89, 71, 60, 65, 77, 62, 47, 109, 62, 57, 49, 135, 74, 106, 45, 31, 36, 30, 74, 133, 102, 61, 60, 125, 35, 69, 53, 40, 79, 56, 119, 107, 80, 104, 60, 64, 79, 108, 54, 93, 54, 49, 86, 110, 93, 260, 117, 86, 101, 60, 67, 44, 74, 26, 45, 135, 126, 76, 66, 41, 72, 87, 102, 72, 78, 36, 61, 70, 69, 53, 46, 20, 41, 33, 50, 24, 37, 62, 53, 99, 89, 39, 93, 37, 46, 33, 43, 23, 40, 39, 48, 87, 43, 128, 75, 85, 40, 58, 55, 78, 56, 80, 56, 94, 89, 86, 45, 73, 45, 64, 90, 42, 50, 29, 34, 65, 122, 84, 64, 44, 42, 27, 38, 21, 50, 31, 26, 50, 46, 56, 43, 42, 37, 16, 63, 16, 29, 46, 78, 79, 58, 57, 125, 50, 36, 25, 57, 22, 28, 37, 36, 53, 36), N=384)

inits
list(alphaY = 2.58, sY = 50.64, alphaZ = 2.48, sZ = 171.20, theta = 2.55)
list(alphaY = 1.16, sY = 45.16, alphaZ = 3.69, sZ = 156.27, theta = 5.01)
list(alphaY = 2.03, sY = 49.13, alphaZ = 4.89, sZ = 166.00, theta = 3.56)
list(alphaY = 2.67, sY = 40.94, alphaZ = 5.54, sZ = 140.22, theta = 1.82)
list(alphaY = 1.94, sY = 53.24, alphaZ = 5.38, sZ = 133.79, theta = 1.23)


list(alphaY = 1.818, sY = 74.32, alphaZ = 3.872, sZ = 149.9)