#########################################################################
model{
	# Truco de los ceros
	for (i in 1:N){
		y[i] ~ dweib(alphaY,bY)
	}
	# Aprioris NO2
	alphaY ~  dunif(0,10)
	bY ~ dunif(0,10)
	# Estimaciones derivadas
	kY <- pow(bY, -1/alphaY)
}

data
list(y=c(344, 263, 210, 227, 259, 169, 202, 178, 72, 94, 145, 162, 121, 188, 309, 152, 77, 85, 200, 52, 87, 62, 194, 248, 203, 214, 214, 173, 163, 152, 199, 137, 163, 199, 219, 277, 245, 240, 197, 192, 175, 191, 134, 133, 168, 196, 281, 259, 309, 190, 229, 249, 206, 170, 139, 136, 177, 218, 239, 174, 257, 291, 190, 146, 125, 161, 155, 118, 181, 198, 291, 302, 378, 298, 175, 188, 191, 232, 187, 158, 191, 167, 284, 227, 200, 165, 238, 177, 243, 184, 234, 123, 135, 280, 351, 243, 178, 308, 224, 249, 268, 209, 116, 113, 140, 143, 144, 228, 167, 207, 182, 214, 140, 121, 137, 134, 143, 184, 141, 176, 166, 213, 211, 178, 153, 108, 85, 142, 108, 262, 152, 246, 179, 158, 137, 153, 124, 106, 91, 109, 110, 155, 166, 188, 201, 181, 138, 140, 151, 140, 120, 129, 127, 153, 180, 155, 192, 170, 187, 196, 182, 138, 115, 121, 122, 150, 180, 222, 162, 178, 135, 151, 147, 126, 99, 97, 136, 153, 166, 190, 185, 189, 112, 155, 147, 133, 99, 115, 110, 162, 164, 198, 154, 178, 139, 149, 131, 111, 105, 108, 111, 124, 156, 149, 144, 143, 140, 123, 128, 113, 117, 97, 105, 132, 147, 174, 135, 126, 122, 132, 110, 108, 94, 106, 114, 109, 131, 174, 162, 180, 130, 101, 115, 86, 93, 68, 78, 93, 119, 162, 143, 154, 126, 121, 129, 96, 85, 88, 95, 127, 132, 166, 115, 111, 121, 108, 115, 71, 91, 72, 89, 138, 133, 165, 143, 128, 126, 123, 141, 100, 69, 86, 86, 113, 96, 147, 121, 131, 138, 122, 118, 97, 89, 77, 74, 81, 110, 147, 120, 113, 101, 140, 127, 70, 75, 72, 77, 112, 101, 134, 111, 92, 98, 97, 85, 86, 89, 102, 88, 95, 125, 128, 145, 123, 90, 140, 117, 82, 74, 81, 66, 83, 129, 100, 122, 112, 119, 105, 84, 74, 72, 69, 91, 83, 107, 130, 128, 99, 107, 92, 100, 67, 73, 65, 78, 84, 107, 124, 96, 100, 94, 90, 95, 79, 69, 59, 61, 73, 88, 104, 118, 98, 90, 59, 64, 50, 65, 52, 58, 84, 86, 95, 87, 82, 76, 85, 67, 60, 77, 55, 60, 72, 96, 132), N=384)