#########################################################################
model{
	C <- 100000
	# Truco de los ceros
	for (i in 1:N){
		zeroY[i] <- 0
		zeroZ[i] <- 0
		zeroT[i] <- 0
		
		zeroY[i] ~ dpois(phiY[i])
		zeroZ[i] ~ dpois(phiZ[i])
		zeroT[i] ~ dpois(phiT[i])
		
		# Distribuciones
		u[i] <- exp(-pow(y[i]/sY, -alphaY)) # Acumulada Y
		v[i] <- exp(-pow(z[i]/sZ, -alphaZ)) # Acumulada Z
		
		# Densidades
		fY[i] <- (alphaY / sY) * pow(y[i]/sY , -alphaY - 1) * u[i] # Densidad Y
		fZ[i] <- (alphaZ / sZ) * pow(z[i]/sZ , -alphaZ - 1) * v[i]
		
		# Gumbel-Hougaard
		CYZ[i] <- pow(-log(u[i]), theta-1) * pow(-log(v[i]), theta-1) * (1/(u[i]*v[i])) * exp(-pow(pow(-log(u[i]),theta) + pow(-log(v[i]), theta),1/theta)) * (pow(pow(-log(u[i]),theta) + pow(-log(v[i]), theta), 2/theta-2) + (theta-1)*pow(pow(-log(u[i]),theta) + pow(-log(v[i]), theta), 1/theta-2))
		
		phiY[i] <- -log(fY[i]) + C
		phiZ[i] <- -log(fZ[i]) + C
		phiT[i] <- -log(fY[i] * fZ[i] * CYZ[i]) + C
	}

	# Aprioris NO2
	alphaY ~  dunif(0,10) 
	sY ~ dunif(0,150)

	# Aprioris O3
	alphaZ ~  dunif(0,10) 
	sZ ~ dunif(0,200) 
	
	# Apriori de la theta Gumbel-Hougaard
	theta ~ dunif(1,15)
}

data
list(y=c(298, 215, 290, 176, 210, 159, 162, 227, 223, 178, 221, 237, 186, 174, 253, 171, 98, 63, 67, 94, 157, 188, 151, 177, 152, 197, 128, 110, 127, 90, 140, 90, 75, 178, 143, 109, 84, 208, 185, 153, 112, 78, 109, 77, 107, 154, 297, 282, 202, 166, 170, 145, 125, 120, 126, 131, 157, 155, 153, 175, 210, 212, 113, 82, 100, 90, 98, 89, 171, 145, 265, 332, 331, 252, 242, 165, 197, 116, 110, 131, 141, 224, 200, 237, 255, 199, 275, 259, 214, 251, 187, 182, 153, 184, 124, 250, 211, 233, 250, 186, 235, 148, 125, 92, 78, 88, 107, 147, 89, 94, 65, 69, 83, 99, 80, 117, 133, 159, 139, 175, 167, 252, 255, 160, 177, 110, 87, 85, 93, 208, 115, 138, 159, 127, 104, 133, 97, 59, 78, 88, 133, 120, 137, 150, 132, 114, 107, 138, 142, 94, 129, 96, 121, 94, 118, 184, 175, 108, 162, 184, 155, 98, 113, 115, 98, 110, 127, 166, 160, 228, 133, 160, 136, 95, 92, 106, 99, 137, 232, 156, 160, 144, 118, 146, 125, 110, 93, 105, 153, 122, 145, 187, 158, 171, 117, 134, 125, 93, 79, 74, 89, 115, 121, 178, 115, 149, 148, 130, 118, 83, 81, 85, 85, 107, 161, 133, 136, 119, 82, 137, 126, 77, 95, 85, 86, 108, 108, 156, 137, 146, 112, 96, 103, 82, 70, 57, 97, 98, 134, 118, 110, 99, 93, 95, 72, 76, 70, 61, 83, 113, 96, 122, 111, 86, 81, 77, 78, 60, 75, 72, 98, 114, 118, 157, 94, 108, 103, 105, 91, 63, 66, 92, 86, 109, 118, 122, 133, 119, 109, 100, 107, 101, 66, 87, 63, 82, 110, 106, 113, 97, 85, 82, 102, 90, 84, 78, 73, 91, 97, 134, 122, 94, 66, 88, 66, 85, 72, 79, 78, 99, 117, 130, 119, 98, 83, 93, 85, 70, 57, 75, 68, 68, 91, 111, 99, 90, 77, 73, 84, 72, 67, 62, 105, 62, 96, 105, 93, 80, 66, 66, 66, 59, 60, 57, 55, 52, 104, 131, 86, 72, 62, 77, 64, 58, 59, 63, 47, 62, 62, 102, 91, 68, 59, 53, 54, 35, 43, 40, 41, 67, 72, 68, 58, 67, 54, 59, 58, 50, 57, 46, 48, 53, 70, 105), z=c(341, 276, 276, 316, 319, 249, 361, 403, 269, 274, 333, 332, 254, 331, 375, 309, 342, 360, 324, 340, 342, 404, 342, 368, 243, 394, 475, 413, 303, 277, 305, 320, 223, 330, 259, 402, 311, 370, 277, 244, 233, 271, 269, 281, 246, 279, 328, 342, 299, 244, 273, 247, 304, 275, 259, 292, 288, 312, 256, 305, 281, 266, 341, 272, 255, 320, 349, 274, 286, 260, 260, 299, 286, 288, 230, 233, 269, 268, 285, 245, 291, 323, 254, 257, 234, 241, 235, 309, 264, 278, 271, 278, 274, 246, 271, 246, 194, 257, 266, 250, 295, 295, 258, 276, 234, 270, 274, 263, 309, 248, 241, 246, 240, 219, 236, 254, 223, 321, 232, 270, 228, 268, 242, 257, 282, 219, 242, 204, 257, 281, 250, 245, 243, 209, 252, 216, 250, 248, 240, 243, 211, 216, 193, 220, 264, 243, 223, 245, 227, 228, 223, 233, 284, 235, 217, 225, 181, 203, 198, 180, 237, 213, 199, 198, 195, 209, 196, 187, 180, 197, 150, 189, 226, 182, 196, 183, 182, 197, 175, 182, 222, 196, 162, 204, 188, 161, 183, 178, 191, 176, 169, 160, 170, 167, 179, 186, 190, 172, 158, 157, 191, 186, 177, 139, 154, 155, 169, 203, 185, 194, 202, 160, 157, 154, 137, 177, 157, 156, 156, 178, 189, 162, 158, 176, 156, 126, 128, 163, 148, 198, 180, 144, 177, 164, 144, 138, 153, 174, 161, 141, 134, 152, 163, 163, 208, 174, 132, 145, 128, 172, 152, 131, 121, 154, 176, 153, 184, 177, 138, 154, 139, 126, 177, 149, 117, 128, 176, 143, 156, 152, 140, 128, 145, 130, 175, 141, 146, 129, 146, 162, 173, 141, 132, 133, 133, 142, 123, 107, 121, 164, 182, 149, 185, 165, 131, 125, 140, 135, 121, 131, 130, 134, 160, 169, 165, 179, 155, 143, 147, 176, 146, 143, 133, 152, 210, 160, 196, 147, 156, 162, 141, 139, 111, 117, 133, 147, 132, 158, 185, 153, 157, 133, 148, 157, 125, 117, 131, 143, 143, 152, 149, 163, 128, 128, 131, 138, 157, 143, 128, 144, 159, 156, 150, 150, 132, 141, 126, 124, 99, 119, 121, 133, 139, 134, 146, 133, 135, 133, 124, 144, 159, 115, 114, 152, 141, 159, 144, 158, 140, 123, 142, 150, 140, 140), N=384)

inits
list(alphaY = 2.58, sY = 90.64, alphaZ = 2.48, sZ = 171.20, theta = 2.55)
list(alphaY = 1.16, sY = 85.16, alphaZ = 3.69, sZ = 156.27, theta = 5.01)
list(alphaY = 2.03, sY = 100.13, alphaZ = 4.89, sZ = 166.00, theta = 3.56)
list(alphaY = 2.67, sY = 94.94, alphaZ = 5.54, sZ = 140.22, theta = 1.82)
list(alphaY = 1.94, sY = 87.24, alphaZ = 5.38, sZ = 133.79, theta = 1.23)