#########################################################################
model{
	# Truco de los ceros
	for (i in 1:N){
		y[i] ~ dweib(alphaY,bY)
	}
	# Aprioris SO2
	alphaY ~  dunif(0,10)
	bY ~ dunif(0,10)
	# Estimaciones derivadas
	kY <- pow(bY, -1/alphaY)
}

data
list(y=c(110, 120, 92, 98, 84, 82, 74, 65, 110, 112, 90, 130, 151, 187, 144, 99, 104, 108, 78, 90, 104, 112, 104, 116, 156, 123, 89, 64, 61, 55, 74, 60, 32, 55, 92, 67, 84, 62, 108, 72, 51, 68, 62, 61, 35, 93, 61, 75, 65, 55, 128, 121, 76, 81, 50, 62, 53, 124, 68, 127, 110, 130, 113, 123, 48, 71, 47, 63, 110, 81, 432, 299, 109, 73, 123, 53, 66, 100, 75, 85, 62, 81, 138, 186, 108, 95, 125, 69, 62, 80, 78, 114, 76, 141, 91, 134, 105, 64, 166, 161, 128, 147, 58, 87, 45, 66, 104, 152, 102, 109, 93, 65, 46, 74, 63, 265, 61, 155, 116, 86, 138, 92, 82, 84, 74, 107, 69, 47, 77, 96, 152, 171, 116, 118, 90, 58, 64, 48, 45, 51, 45, 84, 96, 189, 78, 103, 187, 90, 95, 74, 91, 48, 31, 40, 114, 205, 228, 126, 82, 86, 87, 99, 57, 77, 40, 50, 134, 196, 185, 132, 190, 161, 112, 53, 114, 40, 44, 75, 142, 102, 186, 126, 102, 148, 65, 80, 153, 158, 161, 94, 222, 164, 95, 101, 83, 74, 61, 60, 60, 56, 35, 65, 75, 56, 85, 83, 81, 89, 97, 59, 59, 45, 69, 132, 120, 72, 96, 46, 99, 111, 64, 52, 42, 48, 36, 83, 54, 115, 89, 142, 103, 42, 52, 72, 53, 44, 40, 60, 98, 86, 114, 56, 137, 42, 100, 55, 29, 24, 23, 82, 107, 123, 82, 95, 68, 66, 78, 35, 29, 40, 52, 124, 111, 82, 47, 60, 48, 57, 61, 75, 122, 30, 72, 91, 85, 102, 247, 76, 140, 131, 68, 85, 52, 27, 35, 58, 106, 103, 167, 67, 49, 33, 109, 67, 49, 46, 38, 71, 84, 61, 53, 55, 24, 47, 48, 50, 23, 46, 69, 54, 80, 94, 72, 122, 32, 53, 54, 43, 51, 40, 47, 35, 85, 69, 125, 76, 75, 34, 78, 53, 55, 68, 33, 41, 98, 77, 84, 85, 50, 62, 56, 79, 41, 32, 46, 15, 34, 96, 61, 27, 96, 21, 62, 63, 18, 40, 34, 46, 41, 43, 76, 61, 101, 16, 34, 50, 10, 24, 21, 51, 37, 60, 70, 122, 76, 42, 21, 17, 15, 21, 18, 18, 45, 22), N=384)

