model{
	C <- 100000
	for (i in 1:N){
		y[i] ~ dweib(alphaY, bY)
		z[i] ~ dweib(alphaZ, bZ)
	}
	# Truco de los ceros
	for (i in 1:N){
		zeroT[i] <- 0
		
		zeroT[i] ~ dpois(phiT[i])
		
		# Distribuciones
		u[i] <- 1 - exp(-bY * pow(y[i] , alphaY)) # Acumulada Y
		v[i] <- 1 - exp(-bZ * pow(z[i] , alphaZ)) # Acumulada Z
		
		# Densidades
		fY[i] <- bY * alphaY * pow(y[i] , alphaY - 1) * exp(-bY * pow( y[i] , alphaY)) # Densidad Y
		fZ[i] <- bZ * alphaZ * pow(z[i] , alphaZ - 1) * exp(-bZ * pow( z[i] , alphaZ)) # Densidad Z 
		
		# Gumbel-Hougaard
		CYZ[i] <- pow(-log(u[i]), theta-1) * pow(-log(v[i]), theta-1) * (1/(u[i]*v[i])) * exp(-pow(pow(-log(u[i]),theta) + pow(-log(v[i]), theta),1/theta)) * (pow(pow(-log(u[i]),theta) + pow(-log(v[i]), theta), 2/theta-2) + (theta-1)*pow(pow(-log(u[i]),theta) + pow(-log(v[i]), theta), 1/theta-2))
		
		phiT[i] <- -log(fY[i] * fZ[i] * CYZ[i]) + C
	}

	# Aprioris CO
	alphaY ~  dunif(0,10)
	bY ~ dunif(0,10)
	kY <- pow(bY, -1/alphaY)

	# Aprioris O3
	alphaZ ~  dunif(0,10)
	bZ ~ dunif(0,10)
	kZ <- pow(bZ, -1/alphaZ)
	
	# Apriori de la theta Gumbel-Hougaard
	theta ~ dunif(1,15)
}

data
list(y=c(19.70, 21.20, 24.20, 18.90, 16.90, 19.30, 12.20, 11.70, 16.10, 18.50, 22.40, 20.00, 21.30, 22.60, 25.90, 16.00, 18.10, 13.50, 19.30, 13.30, 14.50, 18.00, 18.20, 21.70, 18.20, 20.30, 15.10, 13.60, 13.00, 12.90, 12.30, 13.40, 8.90, 17.80, 18.90, 18.40, 17.00, 19.70, 15.60, 8.90, 12.70, 11.80, 9.60, 7.70, 9.30, 12.10, 15.50, 16.00, 20.20, 16.70, 15.80, 16.60, 10.60, 10.30, 8.00, 12.90, 12.10, 15.70, 9.50, 11.20, 12.40, 15.90, 11.20, 8.30, 6.20, 6.20, 7.80, 6.60, 5.80, 5.20, 12.80, 15.10, 17.90, 15.20, 10.60, 6.70, 8.50, 9.90, 13.20, 10.30, 7.90, 11.30, 11.00, 12.40, 13.40, 12.40, 9.00, 11.60, 7.30, 5.10, 5.80, 6.30, 13.40, 10.70, 8.80, 11.50, 13.30, 12.50, 12.40, 11.80, 14.90, 10.10, 7.50, 7.20, 8.10, 9.60, 9.40, 13.70, 11.60, 11.00, 8.00, 9.20, 12.80, 10.40, 6.20, 5.90, 8.90, 12.20, 7.00, 11.20, 12.00, 13.40, 9.70, 8.00, 8.30, 9.60, 7.00, 6.60, 6.80, 10.20, 9.40, 12.60, 12.40, 10.40, 11.50, 9.70, 10.50, 9.30, 8.80, 8.30, 7.10, 7.80, 11.50, 9.50, 9.80, 8.00, 7.70, 10.40, 8.80, 5.80, 7.90, 9.30, 9.40, 13.20, 10.50, 10.30, 9.50, 8.20, 7.60, 9.60, 5.50, 6.00, 6.20, 5.30, 8.20, 6.70, 8.50, 11.30, 10.60, 12.80, 7.60, 8.50, 8.80, 6.00, 4.80, 5.80, 6.90, 8.70, 8.70, 8.10, 8.00, 8.30, 7.20, 6.90, 6.40, 4.80, 4.80, 5.70, 5.70, 8.70, 12.20, 8.60, 8.50, 10.40, 6.60, 6.40, 6.10, 6.90, 6.30, 3.90, 4.60, 6.50, 8.60, 7.30, 7.50, 6.30, 5.80, 6.90, 5.10, 3.30, 3.80, 4.90, 5.00, 5.30, 6.40, 6.00, 6.00, 5.40, 4.60, 5.20, 4.10, 3.40, 3.50, 5.30, 3.30, 5.90, 6.20, 6.50, 5.80, 8.70, 5.90, 3.80, 5.10, 3.40, 2.80, 3.30, 3.90, 4.70, 5.30, 4.70, 6.40, 6.10, 4.50, 4.50, 4.40, 4.70, 3.80, 3.20, 4.10, 5.70, 5.00, 6.60, 7.00, 5.70, 3.70, 5.60, 3.50, 3.10, 3.80, 3.30, 3.70, 5.10, 5.00, 5.60, 5.80, 4.70, 4.90, 4.80, 3.40, 2.90, 2.90, 3.20, 3.40, 4.00, 3.60, 4.30, 3.80, 4.00, 3.70, 5.10, 3.90, 3.60, 3.00, 3.80, 3.80, 3.30, 4.50, 5.40, 5.60, 4.10, 3.70, 3.60, 3.30, 3.00, 2.50, 3.40, 3.90, 4.40, 3.50, 4.20, 3.40, 4.10, 2.50, 2.90, 2.10, 2.00, 1.90, 2.10, 2.70, 2.90, 3.30, 3.40, 3.40, 3.20, 2.60, 2.70, 2.80, 2.20, 1.80, 1.90, 1.60, 2.30, 2.60, 3.50, 2.60, 2.50, 2.10, 3.00, 2.20, 1.50, 1.90, 1.50, 2.70, 3.00, 2.20, 2.60, 2.70, 2.20, 1.80, 1.80, 1.60, 1.40, 1.40, 1.10, 1.40, 2.10, 2.10, 2.60, 2.20, 2.10, 1.90, 2.00, 2.00, 1.10, 1.40, 1.10, 1.60, 1.30, 1.80, 2.10, 1.90, 2.30, 1.40, 1.00, 0.80, 0.90, 0.90, 0.90, 0.80, 1.10, 1.30, 1.30, 1.41, 1.42, 1.11, 1.33, 1.06, 1.07, 1.52, 1.04, 1.26, 1.58, 1.59, 1.80), z=c(341, 276, 276, 316, 319, 249, 361, 403, 269, 274, 333, 332, 254, 331, 375, 309, 342, 360, 324, 340, 342, 404, 342, 368, 243, 394, 475, 413, 303, 277, 305, 320, 223, 330, 259, 402, 311, 370, 277, 244, 233, 271, 269, 281, 246, 279, 328, 342, 299, 244, 273, 247, 304, 275, 259, 292, 288, 312, 256, 305, 281, 266, 341, 272, 255, 320, 349, 274, 286, 260, 260, 299, 286, 288, 230, 233, 269, 268, 285, 245, 291, 323, 254, 257, 234, 241, 235, 309, 264, 278, 271, 278, 274, 246, 271, 246, 194, 257, 266, 250, 295, 295, 258, 276, 234, 270, 274, 263, 309, 248, 241, 246, 240, 219, 236, 254, 223, 321, 232, 270, 228, 268, 242, 257, 282, 219, 242, 204, 257, 281, 250, 245, 243, 209, 252, 216, 250, 248, 240, 243, 211, 216, 193, 220, 264, 243, 223, 245, 227, 228, 223, 233, 284, 235, 217, 225, 181, 203, 198, 180, 237, 213, 199, 198, 195, 209, 196, 187, 180, 197, 150, 189, 226, 182, 196, 183, 182, 197, 175, 182, 222, 196, 162, 204, 188, 161, 183, 178, 191, 176, 169, 160, 170, 167, 179, 186, 190, 172, 158, 157, 191, 186, 177, 139, 154, 155, 169, 203, 185, 194, 202, 160, 157, 154, 137, 177, 157, 156, 156, 178, 189, 162, 158, 176, 156, 126, 128, 163, 148, 198, 180, 144, 177, 164, 144, 138, 153, 174, 161, 141, 134, 152, 163, 163, 208, 174, 132, 145, 128, 172, 152, 131, 121, 154, 176, 153, 184, 177, 138, 154, 139, 126, 177, 149, 117, 128, 176, 143, 156, 152, 140, 128, 145, 130, 175, 141, 146, 129, 146, 162, 173, 141, 132, 133, 133, 142, 123, 107, 121, 164, 182, 149, 185, 165, 131, 125, 140, 135, 121, 131, 130, 134, 160, 169, 165, 179, 155, 143, 147, 176, 146, 143, 133, 152, 210, 160, 196, 147, 156, 162, 141, 139, 111, 117, 133, 147, 132, 158, 185, 153, 157, 133, 148, 157, 125, 117, 131, 143, 143, 152, 149, 163, 128, 128, 131, 138, 157, 143, 128, 144, 159, 156, 150, 150, 132, 141, 126, 124, 99, 119, 121, 133, 139, 134, 146, 133, 135, 133, 124, 144, 159, 115, 114, 152, 141, 159, 144, 158, 140, 123, 142, 150, 140, 140), N=384)

inits
list(alphaY = 1.89, bY = 0.0643, alphaZ = 2.89, bZ = 1.71E-7, theta = 1.81)
list(alphaY = 2.73, bY = 0.0349, alphaZ = 2.92, bZ = 1.56E-7, theta = 2.01)
list(alphaY = 2.94, bY = 0.0706, alphaZ = 2.84, bZ = 2.29E-8, theta = 1.56)