#########################################################################
model{
	C <- 100000
	for (i in 1:N){
		y[i] ~ dweib(alphaY, bY)
	}
	# Truco de los ceros
	for (i in 1:N){
		zeroZ[i] <- 0
		zeroT[i] <- 0
		
		zeroZ[i] ~ dpois(phiZ[i])
		zeroT[i] ~ dpois(phiT[i])
		
		# Distribuciones
		u[i] <- 1 - exp(-bY * pow(y[i] , alphaY)) # Acumulada Y
		v[i] <- exp(-pow(z[i]/sZ, -alphaZ)) # Acumulada Z
		
		# Densidades
		fY[i] <- bY * alphaY * pow(y[i] , alphaY - 1) * exp(-bY * pow( y[i] , alphaY)) # Densidad Y
		fZ[i] <- (alphaZ / sZ) * pow(z[i]/sZ , -alphaZ - 1) * v[i] 
		
		# Gumbel-Hougaard
		CYZ[i] <- pow(-log(u[i]), theta-1) * pow(-log(v[i]), theta-1) * (1/(u[i]*v[i])) * exp(-pow(pow(-log(u[i]),theta) + pow(-log(v[i]), theta),1/theta)) * (pow(pow(-log(u[i]),theta) + pow(-log(v[i]), theta), 2/theta-2) + (theta-1)*pow(pow(-log(u[i]),theta) + pow(-log(v[i]), theta), 1/theta-2))
		
		phiZ[i] <- -log(fZ[i]) + C
		phiT[i] <- -log(fY[i] * fZ[i] * CYZ[i]) + C
	}

	# Aprioris SO2
	alphaY ~  dunif(0,10)
	bY ~ dunif(0,10)
	kY <- pow(bY, -1/alphaY)

	# Aprioris O3
	alphaZ ~  dunif(0,10)
	sZ ~ dunif(0,200)
	
	# Apriori de la theta Gumbel-Hougaard
	theta ~ dunif(1,15)
}

data
list(y=c(486, 493, 302, 329, 322, 180, 254, 365, 251, 284, 327, 351, 248, 294, 381, 309, 321, 283, 235, 254, 303, 273, 431, 296, 295, 233, 224, 212, 232, 202, 352, 145, 235, 218, 210, 302, 238, 131, 91, 139, 138, 207, 127, 172, 246, 233, 199, 301, 324, 203, 261, 233, 123, 143, 127, 103, 94, 178, 142, 143, 188, 181, 216, 179, 77, 195, 120, 112, 142, 257, 124, 126, 368, 189, 237, 139, 168, 153, 140, 193, 297, 139, 350, 313, 204, 198, 125, 136, 157, 101, 151, 197, 127, 171, 177, 178, 127, 103, 311, 308, 167, 127, 87, 164, 48, 106, 257, 234, 161, 201, 175, 89, 99, 137, 222, 171, 73, 210, 241, 193, 259, 142, 110, 166, 120, 180, 151, 84, 141, 166, 223, 422, 424, 257, 158, 177, 264, 233, 117, 123, 55, 159, 133, 305, 189, 272, 375, 179, 175, 110, 169, 207, 119, 134, 186, 323, 269, 161, 126, 277, 141, 325, 63, 98, 59, 96, 196, 183, 412, 308, 227, 194, 222, 154, 114, 157, 137, 238, 210, 384, 325, 250, 216, 419, 141, 222, 450, 365, 199, 142, 393, 275, 138, 274, 223, 246, 100, 193, 143, 168, 139, 139, 183, 213, 283, 228, 190, 229, 137, 146, 147, 131, 115, 225, 252, 140, 207, 236, 197, 293, 134, 107, 138, 114, 97, 146, 119, 102, 224, 340, 137, 83, 111, 168, 106, 152, 118, 76, 217, 87, 310, 136, 258, 99, 136, 132, 49, 86, 62, 129, 178, 160, 219, 271, 136, 276, 314, 132, 113, 92, 129, 195, 187, 299, 216, 120, 376, 124, 177, 80, 97, 79, 115, 150, 186, 233, 266, 152, 250, 240, 195, 217, 84, 33, 72, 135, 239, 334, 254, 115, 107, 266, 150, 105, 88, 119, 69, 163, 187, 183, 152, 114, 80, 123, 67, 105, 47, 73, 105, 61, 147, 175, 117, 269, 112, 149, 94, 120, 181, 83, 67, 147, 162, 145, 350, 136, 92, 64, 124, 111, 206, 142, 125, 109, 90, 153, 141, 95, 172, 137, 127, 97, 110, 125, 96, 58, 104, 188, 219, 68, 141, 208, 109, 81, 98, 126, 69, 99, 143, 186, 170, 165, 105, 147, 44, 102, 48, 79, 41, 109, 66, 111, 63, 206, 137, 46, 58, 58, 50, 44, 61, 59, 117, 77), z=c(153, 156, 159, 171, 160, 122, 116, 198, 85, 114, 121, 189, 139, 169, 214, 193, 285, 241, 157, 206, 191, 168, 225, 233, 173, 182, 242, 206, 240, 235, 191, 212, 186, 187, 219, 263, 221, 192, 213, 208, 188, 222, 142, 187, 145, 272, 189, 200, 194, 185, 207, 212, 213, 185, 188, 156, 146, 178, 220, 210, 276, 183, 211, 218, 251, 201, 162, 179, 181, 199, 198, 223, 288, 172, 179, 174, 190, 208, 168, 146, 161, 136, 181, 179, 165, 192, 189, 196, 210, 197, 134, 180, 192, 202, 178, 194, 209, 223, 249, 201, 206, 187, 154, 177, 201, 285, 157, 212, 215, 206, 208, 210, 200, 171, 169, 112, 99, 147, 154, 201, 192, 207, 222, 185, 201, 169, 151, 132, 131, 164, 187, 158, 189, 149, 194, 175, 171, 189, 144, 126, 124, 181, 157, 161, 175, 177, 181, 177, 163, 149, 117, 132, 128, 159, 165, 203, 121, 159, 155, 210, 146, 122, 114, 130, 127, 123, 155, 157, 129, 152, 163, 162, 186, 119, 136, 107, 123, 153, 153, 154, 156, 122, 145, 178, 156, 126, 106, 131, 120, 109, 139, 137, 125, 124, 157, 126, 177, 129, 105, 110, 99, 109, 145, 122, 127, 149, 153, 177, 136, 138, 117, 93, 109, 113, 124, 139, 152, 130, 126, 184, 142, 102, 89, 118, 110, 92, 128, 155, 155, 152, 166, 143, 144, 115, 109, 111, 118, 146, 146, 115, 130, 141, 155, 157, 162, 150, 114, 100, 96, 129, 146, 115, 97, 111, 159, 131, 150, 114, 118, 111, 158, 118, 151, 143, 119, 121, 163, 143, 142, 128, 107, 102, 111, 140, 165, 142, 126, 137, 132, 180, 162, 130, 100, 142, 113, 124, 125, 126, 130, 160, 142, 160, 138, 123, 115, 113, 122, 125, 114, 130, 121, 140, 158, 138, 160, 131, 120, 118, 128, 134, 116, 127, 141, 162, 163, 144, 172, 133, 120, 118, 107, 113, 104, 110, 136, 143, 124, 149, 171, 134, 118, 109, 132, 123, 131, 115, 115, 134, 124, 141, 151, 130, 115, 119, 117, 111, 146, 143, 112, 149, 147, 158, 142, 121, 111, 114, 108, 112, 107, 127, 118, 113, 126, 127, 127, 100, 96, 107, 114, 135, 127, 115, 101, 146, 131, 146, 133, 114, 115, 127, 120, 113, 128, 133), N=384)


inits
list(alphaY = 1.89, bY = 6.43E-6, alphaZ = 2.48, sZ = 171.20, theta = 2.55)
list(alphaY = 2.73, bY = 3.49E-5, alphaZ = 8.69, sZ = 126.27, theta = 5.01)
list(alphaY = 2.94, bY = 7.06E-6, alphaZ = 4.89, sZ = 166.00, theta = 3.56)