#########################################################################
model{
	# Truco de los ceros
	for (i in 1:N){
		y[i] ~ dweib(alphaY,bY)
	}
	# Aprioris SO2
	alphaY ~  dunif(0,10)
	bY ~ dunif(0,10)
	# Estimaciones derivadas
	kY <- pow(bY, -1/alphaY)
}

data
list(y=c(383, 322, 343, 388, 326, 163, 106, 90, 941, 112, 213, 214, 920, 498, 667, 405, 548, 357, 331, 325, 100, 191, 205, 291, 465, 649, 1233, 461, 395, 453, 575, 994, 961, 562, 652, 424, 576, 647, 637, 575, 747, 484, 210, 309, 111, 154, 175, 327, 374, 259, 420, 527, 867, 379, 99, 103, 153, 162, 374, 243, 428, 487, 404, 588, 479, 263, 252, 267, 340, 218, 340, 236, 200, 337, 327, 429, 175, 226, 150, 186, 153, 203, 168, 241, 198, 335, 418, 476, 382, 186, 358, 120, 131, 122, 182, 265, 364, 302, 302, 208, 533, 693, 225, 200, 135, 199, 207, 310, 268, 238, 332, 233, 293, 126, 222, 145, 186, 185, 299, 386, 309, 239, 284, 394, 402, 248, 147, 128, 117, 126, 245, 461, 596, 393, 782, 959, 267, 194, 128, 110, 108, 121, 139, 169, 231, 156, 276, 159, 200, 159, 126, 146, 173, 177, 291, 338, 421, 229, 322, 400, 290, 179, 130, 119, 121, 177, 218, 216, 267, 365, 291, 350, 272, 525, 188, 120, 96, 120, 180, 186, 160, 148, 387, 147, 264, 199, 114, 89, 138, 381, 296, 569, 299, 300, 421, 518, 260, 265, 131, 151, 139, 219, 174, 292, 257, 266, 270, 258, 177, 126, 138, 150, 124, 269, 146, 614, 220, 174, 593, 273, 284, 135, 134, 115, 105, 134, 153, 191, 192, 190, 455, 198, 150, 111, 133, 181, 120, 153, 159, 217, 293, 281, 264, 174, 153, 143, 128, 142, 102, 175, 182, 707, 342, 476, 171, 431, 323, 118, 133, 119, 128, 126, 154, 199, 214, 196, 141, 180, 282, 128, 89, 125, 172, 140, 174, 282, 179, 207, 168, 136, 125, 153, 158, 147, 149, 129, 153, 292, 227, 158, 194, 147, 191, 88, 112, 81, 94, 94, 150, 200, 148, 146, 219, 202, 213, 121, 109, 65, 85, 114, 137, 141, 184, 166, 411, 217, 93, 105, 110, 74, 125, 131, 168, 230), N=324)

