#########################################################################
model{
	C <- 100000
	for (i in 1:N){
		y[i] ~ dweib(alphaY, bY)
	}
	# Truco de los ceros
	for (i in 1:N){
		zeroZ[i] <- 0
		zeroT[i] <- 0
		
		zeroZ[i] ~ dpois(phiZ[i])
		zeroT[i] ~ dpois(phiT[i])
		
		# Distribuciones
		u[i] <- 1 - exp(-bY * pow(y[i] , alphaY)) # Acumulada Y
		v[i] <- exp(-pow(z[i]/sZ, -alphaZ)) # Acumulada Z
		
		# Densidades
		fY[i] <- bY * alphaY * pow(y[i] , alphaY - 1) * exp(-bY * pow( y[i] , alphaY)) # Densidad Y
		fZ[i] <- (alphaZ / sZ) * pow(z[i]/sZ , -alphaZ - 1) * v[i] 
		
		# Gumbel-Hougaard
		CYZ[i] <- pow(-log(u[i]), theta-1) * pow(-log(v[i]), theta-1) * (1/(u[i]*v[i])) * exp(-pow(pow(-log(u[i]),theta) + pow(-log(v[i]), theta),1/theta)) * (pow(pow(-log(u[i]),theta) + pow(-log(v[i]), theta), 2/theta-2) + (theta-1)*pow(pow(-log(u[i]),theta) + pow(-log(v[i]), theta), 1/theta-2))
		
		phiZ[i] <- -log(fZ[i]) + C
		phiT[i] <- -log(fY[i] * fZ[i] * CYZ[i]) + C
	}

	# Aprioris SO2
	alphaY ~  dunif(0,10)
	bY ~ dunif(0,10)
	kY <- pow(bY, -1/alphaY)

	# Aprioris O3
	alphaZ ~  dunif(0,10)
	sZ ~ dunif(0,200)
	
	# Apriori de la theta Gumbel-Hougaard
	theta ~ dunif(1,15)
}

data
list(y=c(175, 256, 150, 121, 104, 114, 90, 95, 75, 143, 118, 114, 133, 133, 188, 139, 134, 116, 105, 121, 127, 125, 181, 155, 157, 140, 101, 91, 88, 98, 103, 84, 48, 102, 183, 206, 121, 102, 57, 63, 67, 55, 32, 32, 47, 61, 56, 93, 136, 78, 119, 77, 132, 100, 58, 78, 69, 135, 84, 102, 117, 130, 89, 93, 74, 61, 32, 77, 58, 95, 135, 84, 104, 85, 92, 58, 100, 79, 74, 67, 41, 73, 137, 66, 90, 86, 74, 64, 86, 70, 74, 64, 89, 141, 70, 97, 104, 43, 150, 144, 132, 108, 83, 88, 43, 105, 68, 91, 96, 109, 60, 94, 45, 98, 67, 53, 47, 107, 118, 66, 119, 95, 48, 155, 65, 63, 59, 39, 79, 136, 154, 142, 143, 129, 102, 71, 80, 73, 71, 61, 29, 155, 106, 386, 96, 102, 114, 104, 157, 92, 76, 66, 50, 38, 202, 130, 281, 140, 155, 80, 127, 101, 78, 87, 60, 62, 141, 162, 166, 138, 143, 94, 151, 41, 121, 55, 37, 60, 85, 85, 135, 119, 99, 130, 74, 102, 243, 93, 184, 76, 200, 238, 145, 114, 85, 41, 63, 59, 35, 65, 77, 90, 75, 63, 81, 58, 112, 47, 61, 71, 61, 38, 103, 129, 105, 68, 107, 118, 114, 110, 58, 30, 55, 59, 137, 139, 100, 129, 85, 134, 51, 89, 71, 60, 65, 77, 62, 47, 109, 62, 57, 49, 135, 74, 106, 45, 31, 36, 30, 74, 133, 102, 61, 60, 125, 35, 69, 53, 40, 79, 56, 119, 107, 80, 104, 60, 64, 79, 108, 54, 93, 54, 49, 86, 110, 93, 260, 117, 86, 101, 60, 67, 44, 74, 26, 45, 135, 126, 76, 66, 41, 72, 87, 102, 72, 78, 36, 61, 70, 69, 53, 46, 20, 41, 33, 50, 24, 37, 62, 53, 99, 89, 39, 93, 37, 46, 33, 43, 23, 40, 39, 48, 87, 43, 128, 75, 85, 40, 58, 55, 78, 56, 80, 56, 94, 89, 86, 45, 73, 45, 64, 90, 42, 50, 29, 34, 65, 122, 84, 64, 44, 42, 27, 38, 21, 50, 31, 26, 50, 46, 56, 43, 42, 37, 16, 63, 16, 29, 46, 78, 79, 58, 57, 125, 50, 36, 25, 57, 22, 28, 37, 36, 53, 36), z=c(341, 276, 276, 316, 319, 249, 361, 403, 269, 274, 333, 332, 254, 331, 375, 309, 342, 360, 324, 340, 342, 404, 342, 368, 243, 394, 475, 413, 303, 277, 305, 320, 223, 330, 259, 402, 311, 370, 277, 244, 233, 271, 269, 281, 246, 279, 328, 342, 299, 244, 273, 247, 304, 275, 259, 292, 288, 312, 256, 305, 281, 266, 341, 272, 255, 320, 349, 274, 286, 260, 260, 299, 286, 288, 230, 233, 269, 268, 285, 245, 291, 323, 254, 257, 234, 241, 235, 309, 264, 278, 271, 278, 274, 246, 271, 246, 194, 257, 266, 250, 295, 295, 258, 276, 234, 270, 274, 263, 309, 248, 241, 246, 240, 219, 236, 254, 223, 321, 232, 270, 228, 268, 242, 257, 282, 219, 242, 204, 257, 281, 250, 245, 243, 209, 252, 216, 250, 248, 240, 243, 211, 216, 193, 220, 264, 243, 223, 245, 227, 228, 223, 233, 284, 235, 217, 225, 181, 203, 198, 180, 237, 213, 199, 198, 195, 209, 196, 187, 180, 197, 150, 189, 226, 182, 196, 183, 182, 197, 175, 182, 222, 196, 162, 204, 188, 161, 183, 178, 191, 176, 169, 160, 170, 167, 179, 186, 190, 172, 158, 157, 191, 186, 177, 139, 154, 155, 169, 203, 185, 194, 202, 160, 157, 154, 137, 177, 157, 156, 156, 178, 189, 162, 158, 176, 156, 126, 128, 163, 148, 198, 180, 144, 177, 164, 144, 138, 153, 174, 161, 141, 134, 152, 163, 163, 208, 174, 132, 145, 128, 172, 152, 131, 121, 154, 176, 153, 184, 177, 138, 154, 139, 126, 177, 149, 117, 128, 176, 143, 156, 152, 140, 128, 145, 130, 175, 141, 146, 129, 146, 162, 173, 141, 132, 133, 133, 142, 123, 107, 121, 164, 182, 149, 185, 165, 131, 125, 140, 135, 121, 131, 130, 134, 160, 169, 165, 179, 155, 143, 147, 176, 146, 143, 133, 152, 210, 160, 196, 147, 156, 162, 141, 139, 111, 117, 133, 147, 132, 158, 185, 153, 157, 133, 148, 157, 125, 117, 131, 143, 143, 152, 149, 163, 128, 128, 131, 138, 157, 143, 128, 144, 159, 156, 150, 150, 132, 141, 126, 124, 99, 119, 121, 133, 139, 134, 146, 133, 135, 133, 124, 144, 159, 115, 114, 152, 141, 159, 144, 158, 140, 123, 142, 150, 140, 140), N=384)

inits
list(alphaY = 1.89, bY = 6.43E-6, alphaZ = 2.48, sZ = 171.20, theta = 2.55)
list(alphaY = 2.73, bY = 3.49E-5, alphaZ = 8.69, sZ = 126.27, theta = 5.01)
list(alphaY = 2.94, bY = 7.06E-6, alphaZ = 4.89, sZ = 166.00, theta = 3.56)
list(alphaY = 2.84, bY = 4.19E-5, alphaZ = 5.54, sZ = 140.22, theta = 1.82)
(alphaY = 1.12, bY = 6.64E-4, alphaZ = 5.38, sZ = 133.79, theta = 1.23)