model{
	C <- 100000
	for (i in 1:N){
		y[i] ~ dweib(alphaY, bY)
		z[i] ~ dweib(alphaZ, bZ)
	}
	# Truco de los ceros
	for (i in 1:N){
		zeroT[i] <- 0
		
		zeroT[i] ~ dpois(phiT[i])
		
		# Distribuciones
		u[i] <- 1 - exp(-bY * pow(y[i] , alphaY)) # Acumulada Y
		v[i] <- 1 - exp(-bZ * pow(z[i] , alphaZ)) # Acumulada Z
		
		# Densidades
		fY[i] <- bY * alphaY * pow(y[i] , alphaY - 1) * exp(-bY * pow( y[i] , alphaY)) # Densidad Y
		fZ[i] <- bZ * alphaZ * pow(z[i] , alphaZ - 1) * exp(-bZ * pow( z[i] , alphaZ)) # Densidad Z
		
		# Gumbel-Hougaard
		CYZ[i] <- pow(-log(u[i]), theta-1) * pow(-log(v[i]), theta-1) * (1/(u[i]*v[i])) * exp(-pow(pow(-log(u[i]),theta) + pow(-log(v[i]), theta),1/theta)) * (pow(pow(-log(u[i]),theta) + pow(-log(v[i]), theta), 2/theta-2) + (theta-1)*pow(pow(-log(u[i]),theta) + pow(-log(v[i]), theta), 1/theta-2))
		
		phiT[i] <- -log(fY[i] * fZ[i] * CYZ[i]) + C
	}

	# Aprioris PM10
	alphaY ~  dunif(0,10)
	bY ~ dunif(0,10)
	kY <- pow(bY, -1/alphaY)

	# Aprioris O3
	alphaZ ~  dunif(0,10)
	bZ ~ dunif(0,10)
	kZ <- pow(bZ, -1/alphaZ)
	
	# Apriori de la theta Gumbel-Hougaard
	theta ~ dunif(1,15)
}

data
list(y=c(130, 200, 198, 118, 107, 98, 91, 126, 100, 84, 96, 145, 219, 189, 211, 206, 220, 159, 127, 97, 182, 211, 238, 135, 149, 211, 240, 152, 114, 118, 107, 117, 159, 207, 200, 243, 135, 208, 75, 164, 156, 175, 116, 112, 84, 106, 310, 191, 188, 119, 131, 123, 173, 115, 111, 98, 105, 94, 130, 165, 159, 248, 169, 128, 132, 180, 141, 118, 135, 213, 220, 296, 351, 263, 195, 204, 154, 151, 132, 154, 142, 172, 217, 234, 231, 199, 212, 185, 185, 163, 59, 117, 130, 225, 240, 198, 208, 253, 191, 159, 268, 133, 129, 134, 123, 154, 166, 251, 175, 151, 152, 165, 123, 105, 163, 107, 187, 171, 182, 181, 304, 257, 275, 156, 142, 106, 90, 79, 125, 193, 153, 202, 198, 152, 130, 129, 119, 99, 74, 96, 107, 135, 154, 157, 162, 150, 119, 141, 136, 102, 106, 98, 113, 145, 176, 208, 183, 179, 155, 229, 141, 126, 144, 126, 126, 145, 161, 202, 155, 173, 138, 157, 163, 123, 95, 105, 129, 161, 213, 186, 239, 166, 144, 148, 142, 119, 101, 123, 110, 136, 138, 180, 189, 131, 145, 145, 132, 119, 108, 114, 94, 131, 149, 169, 124, 148, 132, 119, 114, 106, 104, 87, 107, 125, 146, 168, 152, 133, 116, 151, 123, 93, 110, 99, 100, 130, 119, 152, 138, 145, 122, 109, 96, 90, 95, 83, 65, 92, 88, 116, 116, 110, 134, 98, 110, 114, 78, 75, 85, 122, 137, 147, 129, 98, 106, 85, 87, 80, 83, 60, 80, 116, 101, 147, 87, 73, 96, 97, 104, 78, 68, 72, 82, 110, 132, 111, 108, 120, 94, 86, 102, 86, 74, 77, 67, 89, 112, 134, 100, 96, 91, 95, 98, 72, 68, 69, 59, 86, 88, 104, 91, 87, 81, 84, 79, 78, 89, 79, 78, 99, 79, 111, 113, 131, 99, 75, 81, 86, 69, 93, 58, 76, 110, 95, 97, 89, 69, 100, 79, 66, 74, 59, 67, 77, 102, 117, 99, 88, 91, 74, 110, 77, 58, 65, 62, 54, 87, 94, 83, 91, 86, 71, 84, 62, 64, 55, 60, 61, 79, 101, 115, 92, 82, 56, 57, 43, 57, 44, 58, 73, 103, 82, 86, 99, 85, 86, 55, 60, 71, 53, 62, 80, 80, 121), z=c(257, 198, 197, 189, 275, 241, 215, 210, 223, 213, 237, 283, 314, 268, 280, 231, 271, 287, 272, 213, 218, 286, 231, 237, 200, 242, 213, 282, 232, 239, 251, 322, 207, 246, 235, 280, 248, 228, 226, 223, 198, 209, 206, 199, 198, 278, 243, 295, 243, 215, 249, 232, 262, 233, 213, 231, 234, 231, 240, 258, 269, 240, 254, 239, 243, 281, 217, 232, 266, 266, 228, 234, 260, 236, 200, 203, 242, 192, 231, 206, 219, 309, 310, 248, 193, 236, 248, 214, 223, 205, 251, 239, 200, 227, 235, 209, 224, 226, 202, 236, 265, 257, 205, 276, 196, 232, 232, 239, 199, 214, 244, 227, 194, 178, 205, 194, 188, 245, 200, 189, 187, 201, 203, 202, 224, 232, 241, 182, 227, 256, 201, 237, 214, 185, 209, 224, 210, 223, 178, 210, 160, 191, 170, 194, 185, 163, 162, 202, 174, 199, 170, 178, 178, 174, 176, 200, 165, 188, 159, 169, 229, 184, 178, 203, 155, 178, 174, 173, 141, 144, 143, 147, 177, 185, 142, 167, 176, 177, 173, 198, 177, 205, 132, 188, 185, 164, 148, 157, 172, 164, 150, 155, 139, 152, 143, 167, 169, 163, 155, 128, 144, 135, 137, 125, 127, 141, 158, 149, 153, 155, 138, 137, 148, 143, 142, 162, 132, 139, 136, 174, 177, 135, 123, 150, 134, 127, 131, 147, 141, 167, 178, 139, 146, 152, 140, 137, 142, 148, 139, 137, 127, 114, 129, 161, 141, 181, 111, 126, 113, 155, 134, 120, 102, 136, 145, 146, 162, 150, 143, 131, 132, 131, 121, 150, 117, 127, 177, 144, 153, 131, 129, 123, 126, 128, 153, 147, 129, 135, 135, 184, 166, 147, 127, 122, 124, 138, 120, 114, 124, 144, 155, 142, 177, 144, 124, 125, 115, 136, 129, 145, 132, 138, 150, 157, 151, 141, 134, 133, 141, 148, 143, 139, 119, 161, 128, 144, 161, 127, 135, 133, 130, 115, 121, 118, 125, 135, 128, 126, 167, 130, 136, 117, 136, 128, 117, 123, 120, 129, 120, 134, 147, 106, 107, 112, 134, 116, 128, 131, 132, 125, 127, 149, 143, 139, 118, 117, 118, 125, 107, 117, 124, 136, 136, 133, 132, 130, 146, 135, 127, 124, 143, 112, 126, 152, 129, 150, 134, 146, 123, 116, 134, 134, 124, 130), N=384)

inits
list(alphaY = 3.23, bY = 6.43E-8, alphaZ = 2.69, bZ = 1.71E-6, theta = 1.81)
list(alphaY = 3.31, bY = 2.89E-8, alphaZ = 2.52, bZ = 9.56E-6, theta = 1.09)
list(alphaY = 2.94, bY = 7.06E-8, alphaZ = 2.34, bZ = 2.29E-6, theta = 1.56)