#########################################################################
model{
	# Truco de los ceros
	for (i in 1:N){
		y[i] ~ dweib(alphaY,bY)
	}
	# Aprioris PM25
	alphaY ~  dunif(0,10)
	bY ~ dunif(0,10)
	# Estimaciones derivadas
	kY <- pow(bY, -1/alphaY)
}

data
list(y=c(91, 60, 100, 134, 245, 147, 150, 87, 93, 107, 74, 63, 99, 83, 89, 95, 132, 219, 85, 69, 120, 88, 87, 57, 81, 70, 112, 112, 127, 148, 93, 91, 68, 80, 88, 59, 63, 61, 89, 87, 117, 117, 65, 80, 77, 79, 74, 78, 62, 67, 84, 130, 177, 96, 103, 97, 95, 79, 62, 71, 69, 84, 91, 115, 112, 119, 91, 90, 89, 82, 67, 55, 76, 55, 67, 62, 122, 94, 60, 76, 90, 91, 62, 55, 46, 46, 110, 80, 137, 132, 218, 130, 105, 94, 102, 76, 70, 55, 81, 93, 139, 166, 87, 75, 81, 90, 89, 132, 70, 122, 121, 87, 126, 156, 80, 107, 179, 136, 101, 60, 64, 71, 85, 111, 130, 149, 76, 96, 85, 93, 76, 71, 68, 64, 88, 115, 171, 196, 96, 242, 152, 105, 128, 100, 74, 68, 93, 127, 544, 162, 246, 72, 146, 101, 91, 79, 84, 91, 69, 91, 105, 114, 284, 178, 302, 84, 68, 71, 57, 68, 69, 100, 116, 146, 106, 87, 79, 56, 70, 66, 55, 60, 59, 78, 130, 97, 94, 65, 91, 198, 63, 61, 48, 54, 61, 59, 77, 110, 77, 116, 158, 120, 71, 46, 52, 59, 99, 74, 75, 152, 71, 76, 88, 52, 48, 70, 58, 49, 58, 54, 112), N=221)

