model{
	C <- 100000
	for (i in 1:N){
		y[i] ~ dweib(alphaY, bY)
		z[i] ~ dweib(alphaZ, bZ)
	}
	# Truco de los ceros
	for (i in 1:N){
		zeroT[i] <- 0
		
		zeroT[i] ~ dpois(phiT[i])
		
		# Distribuciones
		u[i] <- 1 - exp(-bY * pow(y[i] , alphaY)) # Acumulada Y
		v[i] <- 1 - exp(-bZ * pow(z[i] , alphaZ)) # Acumulada Z
		
		# Densidades
		fY[i] <- bY * alphaY * pow(y[i] , alphaY - 1) * exp(-bY * pow( y[i] , alphaY)) # Densidad Y
		fZ[i] <- bZ * alphaZ * pow(z[i] , alphaZ - 1) * exp(-bZ * pow( z[i] , alphaZ)) # Densidad Z 
		
		# Gumbel-Hougaard
		CYZ[i] <- pow(-log(u[i]), theta-1) * pow(-log(v[i]), theta-1) * (1/(u[i]*v[i])) * exp(-pow(pow(-log(u[i]),theta) + pow(-log(v[i]), theta),1/theta)) * (pow(pow(-log(u[i]),theta) + pow(-log(v[i]), theta), 2/theta-2) + (theta-1)*pow(pow(-log(u[i]),theta) + pow(-log(v[i]), theta), 1/theta-2))
		
		phiT[i] <- -log(fY[i] * fZ[i] * CYZ[i]) + C
	}

	# Aprioris PM10
	alphaY ~  dunif(0,10)
	bY ~ dunif(0,10)
	kY <- pow(bY, -1/alphaY)

	# Aprioris O3
	alphaZ ~  dunif(0,10)
	bZ ~ dunif(0,10)
	kZ <- pow(bZ, -1/alphaZ)
	
	# Apriori de la theta Gumbel-Hougaard
	theta ~ dunif(1,15)
}

data
list(y=c(287, 248, 241, 360, 380, 132, 131, 107, 124, 286, 192, 213, 380, 248, 311, 247, 212, 311, 283, 134, 171, 126, 222, 311, 346, 445, 884, 296, 303, 172, 239, 299, 226, 245, 299, 297, 124, 360, 253, 281, 438, 343, 241, 142, 110, 125, 148, 227, 221, 377, 498, 391, 319, 216, 89, 106, 102, 189, 160, 200, 208, 350, 571, 584, 304, 257, 245, 198, 127, 324, 328, 295, 292, 439, 300, 554, 312, 276, 159, 172, 105, 175, 183, 313, 391, 327, 227, 277, 384, 156, 104, 127, 102, 122, 141, 215, 265, 366, 270, 332, 408, 281, 406, 198, 195, 148, 169, 312, 235, 192, 569, 183, 193, 176, 220, 175, 150, 233, 256, 252, 312, 355, 278, 359, 399, 251, 174, 124, 131, 155, 162, 219, 454, 248, 599, 576, 212, 139, 132, 127, 120, 100, 100, 171, 258, 147, 172, 203, 168, 155, 103, 112, 98, 125, 197, 201, 251, 244, 337, 278, 260, 208, 143, 99, 117, 122, 153, 310, 214, 266, 256, 315, 220, 234, 134, 125, 106, 124, 182, 186, 273, 112, 277, 216, 377, 187, 151, 135, 279, 309, 277, 259, 299, 272, 496, 603, 307, 364, 112, 161, 102, 187, 173, 178, 258, 146, 388, 159, 222, 159, 149, 104, 173, 144, 175, 441, 211, 283, 420, 209, 321, 143, 158, 110, 103, 135, 156, 176, 191, 161, 201, 152, 148, 117, 110, 81, 83, 128, 167, 236, 196, 153, 240, 202, 141, 149, 127, 99, 102, 126, 185, 158, 168, 259, 96, 114, 131, 191, 92, 82, 85, 80, 116, 121, 187, 130, 132, 169, 205, 99, 97, 91, 88, 109, 114, 203, 148, 136, 137, 123, 85, 187, 121, 76, 81, 86, 109, 179, 192, 147, 119, 169, 217, 91, 99, 124, 84, 83, 98, 145, 200, 114, 288, 192, 135, 94, 71, 66, 82, 76, 197, 119, 417, 114, 372, 137, 266, 69, 124, 91, 70, 77, 118, 170), z=c(281, 266, 341, 272, 255, 320, 349, 274, 286, 260, 260, 299, 286, 288, 230, 233, 269, 268, 285, 245, 291, 323, 254, 257, 234, 241, 235, 309, 264, 278, 271, 278, 274, 246, 271, 246, 194, 257, 266, 250, 295, 295, 258, 276, 234, 270, 274, 263, 309, 248, 241, 246, 240, 219, 236, 254, 223, 321, 232, 270, 228, 268, 242, 257, 282, 219, 242, 204, 257, 281, 250, 245, 243, 209, 252, 216, 250, 248, 240, 243, 211, 216, 193, 220, 264, 243, 223, 245, 227, 228, 223, 233, 284, 235, 217, 225, 181, 203, 198, 180, 237, 213, 199, 198, 195, 209, 196, 187, 180, 197, 150, 189, 226, 182, 196, 183, 182, 197, 175, 182, 222, 196, 162, 204, 188, 161, 183, 178, 191, 176, 169, 160, 170, 167, 179, 186, 190, 172, 158, 157, 191, 186, 177, 139, 154, 155, 169, 203, 185, 194, 202, 160, 157, 154, 137, 177, 157, 156, 156, 178, 189, 162, 158, 176, 156, 126, 128, 163, 148, 198, 180, 144, 177, 164, 144, 138, 153, 174, 161, 141, 134, 152, 163, 163, 208, 174, 132, 145, 128, 172, 152, 131, 121, 154, 176, 153, 184, 177, 138, 154, 139, 126, 177, 149, 117, 128, 176, 143, 156, 152, 140, 128, 145, 130, 175, 141, 146, 129, 146, 162, 173, 141, 132, 133, 133, 142, 123, 107, 121, 164, 182, 149, 185, 165, 131, 125, 140, 135, 121, 131, 130, 134, 160, 169, 165, 179, 155, 143, 147, 176, 146, 143, 133, 152, 210, 160, 196, 147, 156, 162, 141, 139, 111, 117, 133, 147, 132, 158, 185, 153, 157, 133, 148, 157, 125, 117, 131, 143, 143, 152, 149, 163, 128, 128, 131, 138, 157, 143, 128, 144, 159, 156, 150, 150, 132, 141, 126, 124, 99, 119, 121, 133, 139, 134, 146, 133, 135, 133, 124, 144, 159, 115, 114, 152, 141, 159, 144, 158, 140, 123, 142, 150, 140, 140), N=324)

inits
list(alphaY = 1.89, bY = 6.43E-6, alphaZ = 2.89, bZ = 1.71E-7, theta = 1.81)
list(alphaY = 2.73, bY = 3.49E-5, alphaZ = 2.92, bZ = 1.56E-7, theta = 2.01)
list(alphaY = 2.94, bY = 7.06E-6, alphaZ = 2.84, bZ = 2.29E-8, theta = 1.56)