#########################################################################
model{
	C <- 100000
	# Truco de los ceros
	for (i in 1:N){
		zeroY[i] <- 0
		zeroZ[i] <- 0
		zeroT[i] <- 0
		
		zeroY[i] ~ dpois(phiY[i])
		zeroZ[i] ~ dpois(phiZ[i])
		zeroT[i] ~ dpois(phiT[i])
		
		# Distribuciones
		u[i] <- exp(-pow(y[i]/sY, -alphaY)) # Acumulada Y
		v[i] <- exp(-pow(z[i]/sZ, -alphaZ)) # Acumulada Z
		
		# Densidades
		fY[i] <- (alphaY / sY) * pow(y[i]/sY , -alphaY - 1) * u[i]
		fZ[i] <- (alphaZ / sZ) * pow(z[i]/sZ , -alphaZ - 1) * v[i]
		
		# Gumbel-Hougaard
		CYZ[i] <- pow(-log(u[i]), theta-1) * pow(-log(v[i]), theta-1) * (1/(u[i]*v[i])) * exp(-pow(pow(-log(u[i]),theta) + pow(-log(v[i]), theta),1/theta)) * (pow(pow(-log(u[i]),theta) + pow(-log(v[i]), theta), 2/theta-2) + (theta-1)*pow(pow(-log(u[i]),theta) + pow(-log(v[i]), theta), 1/theta-2))
		
		phiY[i] <- -log(fY[i]) + C
		phiZ[i] <- -log(fZ[i]) + C
		phiT[i] <- -log(fY[i] * fZ[i] * CYZ[i]) + C
	}

	# Aprioris PM10
	alphaY ~  dunif(0,10) 
	sY ~ dunif(0,250)

	# Aprioris O3
	alphaZ ~  dunif(0,10) 
	sZ ~ dunif(0,200) 
	
	# Apriori de la theta Gumbel-Hougaard
	theta ~ dunif(1,15)
}

data
list(y=c(441, 271, 451, 532, 460, 394, 295, 98, 166, 402, 704, 687, 452, 697, 716, 851, 429, 327, 281, 259, 255, 518, 415, 409, 694, 848, 1023, 899, 339, 276, 457, 371, 456, 367, 464, 973, 420, 708, 973, 996, 811, 495, 301, 204, 459, 231, 221, 297, 607, 381, 567, 532, 679, 424, 297, 194, 189, 268, 478, 372, 977, 918, 520, 837, 456, 218, 523, 206, 234, 250, 267, 563, 277, 508, 408, 484, 297, 280, 254, 219, 131, 273, 304, 247, 261, 387, 535, 335, 448, 363, 171, 277, 183, 228, 227, 459, 719, 744, 350, 299, 522, 350, 418, 280, 256, 188, 307, 359, 257, 763, 484, 337, 318, 209, 313, 209, 208, 238, 253, 346, 315, 298, 323, 288, 383, 236, 147, 159, 182, 168, 296, 357, 518, 561, 618, 649, 210, 221, 141, 189, 127, 149, 167, 213, 295, 206, 204, 188, 228, 241, 174, 175, 176, 244, 218, 496, 472, 229, 332, 697, 397, 278, 138, 148, 131, 130, 248, 397, 513, 454, 364, 408, 929, 493, 173, 119, 134, 298, 183, 198, 189, 136, 288, 277, 397, 245, 139, 159, 188, 391, 312, 830, 546, 238, 505, 319, 249, 242, 114, 164, 191, 152, 172, 245, 247, 150, 512, 245, 544, 245, 110, 166, 111, 205, 297, 308, 347, 278, 539, 369, 401, 217, 289, 181, 124, 283, 163, 225, 306, 260, 394, 306, 268, 130, 107, 157, 128, 185, 186, 228, 238, 256, 301, 224, 245, 190, 187, 163, 122, 204, 187, 227, 236, 376, 179, 283, 400, 141, 116, 151, 148, 171, 216, 221, 247, 330, 255, 417, 448, 257, 175, 175, 183, 203, 262, 281, 354, 175, 328, 263, 131, 98, 148, 139, 232, 128, 218, 291, 294, 236, 258, 266, 441, 137, 97, 116, 118, 101, 182, 249, 210, 266, 267, 519, 254, 76, 88, 84, 108, 156, 202, 219, 323, 233, 825, 253, 175, 135, 90, 89, 135, 159, 264, 252), z=c(269, 240, 254, 239, 243, 281, 217, 232, 266, 266, 228, 234, 260, 236, 200, 203, 242, 192, 231, 206, 219, 309, 310, 248, 193, 236, 248, 214, 223, 205, 251, 239, 200, 227, 235, 209, 224, 226, 202, 236, 265, 257, 205, 276, 196, 232, 232, 239, 199, 214, 244, 227, 194, 178, 205, 194, 188, 245, 200, 189, 187, 201, 203, 202, 224, 232, 241, 182, 227, 256, 201, 237, 214, 185, 209, 224, 210, 223, 178, 210, 160, 191, 170, 194, 185, 163, 162, 202, 174, 199, 170, 178, 178, 174, 176, 200, 165, 188, 159, 169, 229, 184, 178, 203, 155, 178, 174, 173, 141, 144, 143, 147, 177, 185, 142, 167, 176, 177, 173, 198, 177, 205, 132, 188, 185, 164, 148, 157, 172, 164, 150, 155, 139, 152, 143, 167, 169, 163, 155, 128, 144, 135, 137, 125, 127, 141, 158, 149, 153, 155, 138, 137, 148, 143, 142, 162, 132, 139, 136, 174, 177, 135, 123, 150, 134, 127, 131, 147, 141, 167, 178, 139, 146, 152, 140, 137, 142, 148, 139, 137, 127, 114, 129, 161, 141, 181, 111, 126, 113, 155, 134, 120, 102, 136, 145, 146, 162, 150, 143, 131, 132, 131, 121, 150, 117, 127, 177, 144, 153, 131, 129, 123, 126, 128, 153, 147, 129, 135, 135, 184, 166, 147, 127, 122, 124, 138, 120, 114, 124, 144, 155, 142, 177, 144, 124, 125, 115, 136, 129, 145, 132, 138, 150, 157, 151, 141, 134, 133, 141, 148, 143, 139, 119, 161, 128, 144, 161, 127, 135, 133, 130, 115, 121, 118, 125, 135, 128, 126, 167, 130, 136, 117, 136, 128, 117, 123, 120, 129, 120, 134, 147, 106, 107, 112, 134, 116, 128, 131, 132, 125, 127, 149, 143, 139, 118, 117, 118, 125, 107, 117, 124, 136, 136, 133, 132, 130, 146, 135, 127, 124, 143, 112, 126, 152, 129, 150, 134, 146, 123, 116, 134, 134, 124, 130), N=324)

inits
list(alphaY = 2.58, sY = 110.64, alphaZ = 2.48, sZ = 171.20, theta = 2.55)
list(alphaY = 1.16, sY = 135.16, alphaZ = 3.69, sZ = 156.27, theta = 5.01)
list(alphaY = 2.03, sY = 129.13, alphaZ = 4.89, sZ = 166.00, theta = 3.56)
list(alphaY = 2.67, sY = 119.94, alphaZ = 5.54, sZ = 140.22, theta = 1.82)
list(alphaY = 1.94, sY = 123.24, alphaZ = 5.38, sZ = 133.79, theta = 1.23)