#########################################################################
model{
	C <- 100000
	# Truco de los ceros
	for (i in 1:N){
		zeroY[i] <- 0
		zeroZ[i] <- 0
		zeroT[i] <- 0
		
		zeroY[i] ~ dpois(phiY[i])
		zeroZ[i] ~ dpois(phiZ[i])
		zeroT[i] ~ dpois(phiT[i])
		
		# Distribuciones
		u[i] <- exp(-pow(y[i]/sY, -alphaY)) # Acumulada Y
		v[i] <- exp(-pow(z[i]/sZ, -alphaZ)) # Acumulada Z
		
		# Densidades
		fY[i] <- (alphaY / sY) * pow(y[i]/sY , -alphaY - 1) * u[i]
		fZ[i] <- (alphaZ / sZ) * pow(z[i]/sZ , -alphaZ - 1) * v[i]
		
		# Gumbel-Hougaard
		CYZ[i] <- pow(-log(u[i]), theta-1) * pow(-log(v[i]), theta-1) * (1/(u[i]*v[i])) * exp(-pow(pow(-log(u[i]),theta) + pow(-log(v[i]), theta),1/theta)) * (pow(pow(-log(u[i]),theta) + pow(-log(v[i]), theta), 2/theta-2) + (theta-1)*pow(pow(-log(u[i]),theta) + pow(-log(v[i]), theta), 1/theta-2))
		
		phiY[i] <- -log(fY[i]) + C
		phiZ[i] <- -log(fZ[i]) + C
		phiT[i] <- -log(fY[i] * fZ[i] * CYZ[i]) + C
	}

	# Aprioris CO
	alphaY ~  dunif(0,10) 
	sY ~ dunif(0,10)

	# Aprioris O3
	alphaZ ~  dunif(0,10) 
	sZ ~ dunif(0,200) 
	
	# Apriori de la theta Gumbel-Hougaard
	theta ~ dunif(1,15)
}

data
list(y=c(22.90, 25.30, 26.20, 21.60, 20.60, 9.80, 17.80, 15.70, 13.40, 17.10, 23.20, 31.50, 27.80, 18.80, 24.10, 18.40, 16.40, 13.40, 16.10, 16.00, 14.20, 19.00, 17.10, 19.90, 24.80, 23.30, 20.00, 16.70, 16.20, 12.30, 18.00, 10.90, 11.50, 14.00, 20.20, 22.60, 24.00, 22.10, 18.30, 13.70, 12.80, 12.00, 9.70, 7.70, 9.50, 10.70, 12.00, 24.20, 24.50, 18.40, 17.50, 19.30, 12.80, 11.60, 11.70, 14.10, 10.20, 12.90, 21.00, 23.80, 20.00, 19.30, 16.30, 14.00, 11.00, 9.00, 10.20, 11.40, 9.90, 11.00, 16.50, 19.30, 21.20, 17.50, 13.60, 16.00, 13.80, 10.50, 8.70, 10.80, 13.40, 13.70, 19.80, 21.70, 19.00, 16.90, 18.40, 22.60, 16.90, 13.90, 9.60, 9.90, 9.70, 13.30, 10.50, 12.20, 20.20, 18.60, 18.10, 12.40, 16.10, 10.60, 8.20, 12.60, 12.20, 15.90, 9.20, 22.00, 16.50, 15.30, 13.90, 13.10, 16.50, 7.50, 8.90, 9.20, 8.60, 7.70, 10.00, 13.20, 14.20, 13.20, 12.90, 13.70, 12.70, 8.90, 8.60, 10.50, 8.10, 10.20, 14.00, 19.60, 18.60, 19.50, 14.10, 12.70, 12.20, 8.40, 7.20, 12.10, 8.80, 9.50, 16.30, 11.00, 11.00, 11.30, 16.00, 8.70, 9.80, 6.20, 6.70, 6.80, 6.20, 7.90, 12.10, 10.40, 11.30, 13.90, 10.90, 12.50, 7.70, 8.30, 7.70, 6.20, 6.00, 7.20, 9.30, 12.70, 11.20, 9.70, 8.80, 8.20, 10.30, 7.30, 4.60, 5.30, 7.30, 7.50, 9.50, 9.90, 11.10, 10.30, 10.80, 9.20, 7.70, 6.20, 7.30, 6.30, 5.10, 9.00, 9.00, 10.40, 9.40, 11.40, 7.30, 6.90, 6.60, 3.80, 5.20, 4.60, 5.30, 6.00, 6.10, 11.70, 7.10, 9.70, 6.60, 6.80, 6.30, 4.20, 3.80, 3.90, 3.90, 6.00, 5.80, 6.50, 6.80, 7.40, 7.00, 6.70, 4.90, 4.00, 3.90, 5.00, 2.90, 5.70, 5.70, 6.60, 7.80, 8.60, 4.80, 5.60, 4.70, 3.80, 4.20, 3.00, 4.00, 3.70, 4.20, 7.90, 7.50, 6.80, 5.70, 6.10, 5.50, 4.00, 3.90, 3.80, 4.70, 5.20, 5.30, 11.30, 7.80, 5.40, 5.30, 6.30, 3.90, 3.70, 3.20, 3.40, 4.10, 6.80, 5.60, 6.70, 7.40, 5.80, 6.00, 7.50, 5.20, 4.80, 3.20, 5.40, 5.70, 5.10, 6.40, 7.70, 6.10, 8.10, 5.50, 7.70, 4.80, 3.50, 2.90, 3.40, 5.20, 3.70, 5.20, 6.30, 6.20, 6.30, 4.30, 5.90, 4.90, 3.60, 3.50, 4.30, 3.60, 6.20, 4.40, 6.30, 7.80, 5.10, 4.60, 5.70, 6.00, 3.50, 3.80, 3.60, 3.10, 3.80, 5.40, 5.50, 10.00, 8.30, 5.10, 5.00, 5.50, 4.30, 3.10, 3.00, 2.70, 3.40, 5.50, 4.60, 5.80, 5.20, 4.60, 7.80, 5.70, 2.80, 3.50, 3.90, 3.30, 3.30, 3.70, 6.00, 5.40, 4.70, 4.80, 3.70, 3.20, 2.00, 2.50, 2.10, 3.10, 3.40, 3.90, 4.40, 4.50, 5.20, 4.70, 3.70, 4.00, 2.50, 2.40, 2.00, 2.40, 2.80, 3.90, 4.10, 4.60, 4.00, 2.70, 2.00, 2.50, 1.40, 1.50, 1.60, 1.50, 2.80, 3.10, 4.10, 3.35, 4.66, 2.95, 3.08, 1.78, 1.94, 2.05, 1.98, 1.94, 3.35, 2.49, 3.74), z=c(153, 156, 159, 171, 160, 122, 116, 198, 85, 114, 121, 189, 139, 169, 214, 193, 285, 241, 157, 206, 191, 168, 225, 233, 173, 182, 242, 206, 240, 235, 191, 212, 186, 187, 219, 263, 221, 192, 213, 208, 188, 222, 142, 187, 145, 272, 189, 200, 194, 185, 207, 212, 213, 185, 188, 156, 146, 178, 220, 210, 276, 183, 211, 218, 251, 201, 162, 179, 181, 199, 198, 223, 288, 172, 179, 174, 190, 208, 168, 146, 161, 136, 181, 179, 165, 192, 189, 196, 210, 197, 134, 180, 192, 202, 178, 194, 209, 223, 249, 201, 206, 187, 154, 177, 201, 285, 157, 212, 215, 206, 208, 210, 200, 171, 169, 112, 99, 147, 154, 201, 192, 207, 222, 185, 201, 169, 151, 132, 131, 164, 187, 158, 189, 149, 194, 175, 171, 189, 144, 126, 124, 181, 157, 161, 175, 177, 181, 177, 163, 149, 117, 132, 128, 159, 165, 203, 121, 159, 155, 210, 146, 122, 114, 130, 127, 123, 155, 157, 129, 152, 163, 162, 186, 119, 136, 107, 123, 153, 153, 154, 156, 122, 145, 178, 156, 126, 106, 131, 120, 109, 139, 137, 125, 124, 157, 126, 177, 129, 105, 110, 99, 109, 145, 122, 127, 149, 153, 177, 136, 138, 117, 93, 109, 113, 124, 139, 152, 130, 126, 184, 142, 102, 89, 118, 110, 92, 128, 155, 155, 152, 166, 143, 144, 115, 109, 111, 118, 146, 146, 115, 130, 141, 155, 157, 162, 150, 114, 100, 96, 129, 146, 115, 97, 111, 159, 131, 150, 114, 118, 111, 158, 118, 151, 143, 119, 121, 163, 143, 142, 128, 107, 102, 111, 140, 165, 142, 126, 137, 132, 180, 162, 130, 100, 142, 113, 124, 125, 126, 130, 160, 142, 160, 138, 123, 115, 113, 122, 125, 114, 130, 121, 140, 158, 138, 160, 131, 120, 118, 128, 134, 116, 127, 141, 162, 163, 144, 172, 133, 120, 118, 107, 113, 104, 110, 136, 143, 124, 149, 171, 134, 118, 109, 132, 123, 131, 115, 115, 134, 124, 141, 151, 130, 115, 119, 117, 111, 146, 143, 112, 149, 147, 158, 142, 121, 111, 114, 108, 112, 107, 127, 118, 113, 126, 127, 127, 100, 96, 107, 114, 135, 127, 115, 101, 146, 131, 146, 133, 114, 115, 127, 120, 113, 128, 133), N=384)

inits
list(alphaY = 1.58, sY = 4.64, alphaZ = 2.48, sZ = 171.20, theta = 2.55)
list(alphaY = 1.16, sY = 5.16, alphaZ = 3.69, sZ = 156.27, theta = 5.01)
list(alphaY = 1.43, sY = 5.13, alphaZ = 4.89, sZ = 166.00, theta = 3.56)
list(alphaY = 1.67, sY = 4.94, alphaZ = 5.54, sZ = 140.22, theta = 1.82)
list(alphaY = 1.94, sY = 4.24, alphaZ = 5.38, sZ = 133.79, theta = 1.23)